#語	出現回数	TF	IDF	TF-IDF	
人類	38	0.07983193277310924	2.5228787452803374	0.20140628638792607
経済	35	0.07352941176470588	2.3979400086720375	0.17631911828470864
学	45	0.09453781512605042	1.7958800173440752	0.1697785730682424
社会	14	0.029411764705882353	1.7695510786217261	0.05204561995946253
訳	11	0.023109243697478993	2.221848749616356	0.05134524421382336
文化	10	0.02100840336134454	1.7695510786217261	0.03717544282818753
市場	6	0.012605042016806723	2.3010299956639813	0.029004579777277075
年	12	0.025210084033613446	1.0409586076789064	0.02624265397509848
慎一郎	4	0.008403361344537815	3.0	0.025210084033613446
栗本	4	0.008403361344537815	3.0	0.025210084033613446
生態	4	0.008403361344537815	2.5228787452803374	0.02120066172504485
カール	4	0.008403361344537815	2.5228787452803374	0.02120066172504485
研究	5	0.01050420168067227	1.8860566476931633	0.019811519408541634
贈与	3	0.0063025210084033615	3.0	0.018907563025210086
交易	3	0.0063025210084033615	3.0	0.018907563025210086
主義	4	0.008403361344537815	2.045757490560675	0.017191239416476257
環境	4	0.008403361344537815	2.045757490560675	0.017191239416476257
民族	3	0.0063025210084033615	2.5228787452803374	0.01590049629378364
学者	3	0.0063025210084033615	2.3979400086720375	0.015113067281546455
理論	3	0.0063025210084033615	2.3979400086720375	0.015113067281546455
システム	3	0.0063025210084033615	2.154901959985743	0.013581314873859726
的	5	0.01050420168067227	1.2924298239020637	0.013575943528383023
東洋経済新報社	2	0.004201680672268907	3.0	0.012605042016806723
玉野井	2	0.004201680672268907	3.0	0.012605042016806723
西太平洋	2	0.004201680672268907	3.0	0.012605042016806723
昶	2	0.004201680672268907	3.0	0.012605042016806723
芳郎	2	0.004201680672268907	3.0	0.012605042016806723
法政大学	2	0.004201680672268907	3.0	0.012605042016806723
建彦	2	0.004201680672268907	3.0	0.012605042016806723
野口	2	0.004201680672268907	3.0	0.012605042016806723
影響	3	0.0063025210084033615	1.958607314841775	0.012344163749002785
出版	3	0.0063025210084033615	1.958607314841775	0.012344163749002785
岩波書店	2	0.004201680672268907	2.6989700043360187	0.011340210102252179
植民	2	0.004201680672268907	2.6989700043360187	0.011340210102252179
遠洋	2	0.004201680672268907	2.6989700043360187	0.011340210102252179
筑摩書房	2	0.004201680672268907	2.6989700043360187	0.011340210102252179
山内	2	0.004201680672268907	2.6989700043360187	0.011340210102252179
資本	2	0.004201680672268907	2.6989700043360187	0.011340210102252179
航海	2	0.004201680672268907	2.5228787452803374	0.010600330862522425
フィールドワーク	2	0.004201680672268907	2.5228787452803374	0.010600330862522425
概念	2	0.004201680672268907	2.3979400086720375	0.010075378187697636
者	4	0.008403361344537815	1.1870866433571445	0.009975518011404576
化	3	0.0063025210084033615	1.537602002101044	0.009690768920804898
農家	2	0.004201680672268907	2.3010299956639813	0.009668193259092357
家族	2	0.004201680672268907	2.3010299956639813	0.009668193259092357
交換	2	0.004201680672268907	2.221848749616356	0.009335498947967882
分野	2	0.004201680672268907	2.154901959985743	0.009054209915906483
農業	2	0.004201680672268907	2.154901959985743	0.009054209915906483
人間	2	0.004201680672268907	2.0969100130080562	0.008810546273143094
制	2	0.004201680672268907	2.0969100130080562	0.008810546273143094
編	3	0.0063025210084033615	1.3279021420642825	0.008369131147463965
彼	2	0.004201680672268907	1.9208187539523753	0.008070667033413342
英語	2	0.004201680672268907	1.853871964321762	0.007789378001351941
問題	2	0.004201680672268907	1.8239087409443187	0.007663482104808062
一般	2	0.004201680672268907	1.7212463990471711	0.007232127727088954
局	2	0.004201680672268907	1.7212463990471711	0.007232127727088954
関係	2	0.004201680672268907	1.585026652029182	0.006659775848862109
地	2	0.004201680672268907	1.537602002101044	0.006460512613869932
編集	3	0.0063025210084033615	1.0177287669604316	0.006414256934624569
稀	1	0.0021008403361344537	3.0	0.0063025210084033615
モーリス	1	0.0021008403361344537	3.0	0.0063025210084033615
原口	1	0.0021008403361344537	3.0	0.0063025210084033615
長期間	1	0.0021008403361344537	3.0	0.0063025210084033615
財貨	1	0.0021008403361344537	3.0	0.0063025210084033615
栖原	1	0.0021008403361344537	3.0	0.0063025210084033615
原理	1	0.0021008403361344537	3.0	0.0063025210084033615
謹也	1	0.0021008403361344537	3.0	0.0063025210084033615
ロース	1	0.0021008403361344537	3.0	0.0063025210084033615
家内	1	0.0021008403361344537	3.0	0.0063025210084033615
参与	1	0.0021008403361344537	3.0	0.0063025210084033615
サイ	1	0.0021008403361344537	3.0	0.0063025210084033615
新訳	1	0.0021008403361344537	3.0	0.0063025210084033615
虚構	1	0.0021008403361344537	3.0	0.0063025210084033615
昌男	1	0.0021008403361344537	3.0	0.0063025210084033615
貨幣	1	0.0021008403361344537	3.0	0.0063025210084033615
下位	1	0.0021008403361344537	3.0	0.0063025210084033615
自給	1	0.0021008403361344537	3.0	0.0063025210084033615
持続	1	0.0021008403361344537	3.0	0.0063025210084033615
定式	1	0.0021008403361344537	3.0	0.0063025210084033615
武彦	1	0.0021008403361344537	3.0	0.0063025210084033615
世帯	1	0.0021008403361344537	3.0	0.0063025210084033615
メカニズム	1	0.0021008403361344537	3.0	0.0063025210084033615
川田	1	0.0021008403361344537	3.0	0.0063025210084033615
遺著	1	0.0021008403361344537	3.0	0.0063025210084033615
史郎	1	0.0021008403361344537	3.0	0.0063025210084033615
杉村	1	0.0021008403361344537	3.0	0.0063025210084033615
代名詞	1	0.0021008403361344537	3.0	0.0063025210084033615
スト	1	0.0021008403361344537	3.0	0.0063025210084033615
芳美	1	0.0021008403361344537	3.0	0.0063025210084033615
英成	1	0.0021008403361344537	3.0	0.0063025210084033615
定性的	1	0.0021008403361344537	3.0	0.0063025210084033615
採集	1	0.0021008403361344537	3.0	0.0063025210084033615
狩猟	1	0.0021008403361344537	3.0	0.0063025210084033615
沈黙	1	0.0021008403361344537	3.0	0.0063025210084033615
仁司	1	0.0021008403361344537	3.0	0.0063025210084033615
親族	1	0.0021008403361344537	3.0	0.0063025210084033615
禎	1	0.0021008403361344537	3.0	0.0063025210084033615
メアリ	1	0.0021008403361344537	3.0	0.0063025210084033615
西欧	1	0.0021008403361344537	3.0	0.0063025210084033615
喜	1	0.0021008403361344537	3.0	0.0063025210084033615
フランソワ	1	0.0021008403361344537	3.0	0.0063025210084033615
課題	1	0.0021008403361344537	3.0	0.0063025210084033615
マル	1	0.0021008403361344537	3.0	0.0063025210084033615
今村	1	0.0021008403361344537	3.0	0.0063025210084033615
日本ブリタニカ	1	0.0021008403361344537	3.0	0.0063025210084033615
名著	1	0.0021008403361344537	3.0	0.0063025210084033615
序説	1	0.0021008403361344537	3.0	0.0063025210084033615
時代	2	0.004201680672268907	1.408935392973501	0.0059198966091323565
一	2	0.004201680672268907	1.3665315444204136	0.005741729178237032
ダグラス	1	0.0021008403361344537	2.6989700043360187	0.005670105051126089
ちく	1	0.0021008403361344537	2.6989700043360187	0.005670105051126089
学芸	1	0.0021008403361344537	2.6989700043360187	0.005670105051126089
クラ	1	0.0021008403361344537	2.6989700043360187	0.005670105051126089
造	1	0.0021008403361344537	2.6989700043360187	0.005670105051126089
中央公論社	1	0.0021008403361344537	2.6989700043360187	0.005670105051126089
港	1	0.0021008403361344537	2.6989700043360187	0.005670105051126089
様式	1	0.0021008403361344537	2.6989700043360187	0.005670105051126089
吾	1	0.0021008403361344537	2.6989700043360187	0.005670105051126089
考古	1	0.0021008403361344537	2.6989700043360187	0.005670105051126089
関心	1	0.0021008403361344537	2.6989700043360187	0.005670105051126089
阿部	1	0.0021008403361344537	2.6989700043360187	0.005670105051126089
観察	1	0.0021008403361344537	2.6989700043360187	0.005670105051126089
資源	1	0.0021008403361344537	2.6989700043360187	0.005670105051126089
複雑	1	0.0021008403361344537	2.6989700043360187	0.005670105051126089
端緒	1	0.0021008403361344537	2.6989700043360187	0.005670105051126089
論	1	0.0021008403361344537	2.6989700043360187	0.005670105051126089
石器	1	0.0021008403361344537	2.6989700043360187	0.005670105051126089
高まり	1	0.0021008403361344537	2.6989700043360187	0.005670105051126089
インドネシア	1	0.0021008403361344537	2.6989700043360187	0.005670105051126089
進化	1	0.0021008403361344537	2.6989700043360187	0.005670105051126089
江川	1	0.0021008403361344537	2.6989700043360187	0.005670105051126089
靖	1	0.0021008403361344537	2.6989700043360187	0.005670105051126089
象徴	1	0.0021008403361344537	2.6989700043360187	0.005670105051126089
純一	1	0.0021008403361344537	2.6989700043360187	0.005670105051126089
先史	1	0.0021008403361344537	2.6989700043360187	0.005670105051126089
吉沢	1	0.0021008403361344537	2.6989700043360187	0.005670105051126089
農村	1	0.0021008403361344537	2.6989700043360187	0.005670105051126089
もの	2	0.004201680672268907	1.3279021420642825	0.0055794207649759765
相対	1	0.0021008403361344537	2.5228787452803374	0.005300165431261212
文庫	1	0.0021008403361344537	2.5228787452803374	0.005300165431261212
史家	1	0.0021008403361344537	2.5228787452803374	0.005300165431261212
メディア	1	0.0021008403361344537	2.5228787452803374	0.005300165431261212
行動	1	0.0021008403361344537	2.5228787452803374	0.005300165431261212
分析	1	0.0021008403361344537	2.5228787452803374	0.005300165431261212
配分	1	0.0021008403361344537	2.5228787452803374	0.005300165431261212
一時	1	0.0021008403361344537	2.5228787452803374	0.005300165431261212
誌	1	0.0021008403361344537	2.5228787452803374	0.005300165431261212
マイケル	1	0.0021008403361344537	2.5228787452803374	0.005300165431261212
考古学	1	0.0021008403361344537	2.5228787452803374	0.005300165431261212
人種	1	0.0021008403361344537	2.5228787452803374	0.005300165431261212
出現	1	0.0021008403361344537	2.5228787452803374	0.005300165431261212
長尾	1	0.0021008403361344537	2.5228787452803374	0.005300165431261212
メイン	1	0.0021008403361344537	2.5228787452803374	0.005300165431261212
忠	1	0.0021008403361344537	2.5228787452803374	0.005300165431261212
現象	1	0.0021008403361344537	2.3979400086720375	0.005037689093848818
医療	1	0.0021008403361344537	2.3979400086720375	0.005037689093848818
応用	1	0.0021008403361344537	2.3979400086720375	0.005037689093848818
転換	1	0.0021008403361344537	2.3979400086720375	0.005037689093848818
中野	1	0.0021008403361344537	2.3979400086720375	0.005037689093848818
手法	1	0.0021008403361344537	2.3979400086720375	0.005037689093848818
教科書	1	0.0021008403361344537	2.3979400086720375	0.005037689093848818
順	1	0.0021008403361344537	2.3010299956639813	0.004834096629546179
けい	1	0.0021008403361344537	2.3010299956639813	0.004834096629546179
ジョージ	1	0.0021008403361344537	2.3010299956639813	0.004834096629546179
吉田	1	0.0021008403361344537	2.3010299956639813	0.004834096629546179
機能	1	0.0021008403361344537	2.3010299956639813	0.004834096629546179
宗教	1	0.0021008403361344537	2.3010299956639813	0.004834096629546179
泉	1	0.0021008403361344537	2.3010299956639813	0.004834096629546179
崩壊	1	0.0021008403361344537	2.3010299956639813	0.004834096629546179
ソ連	1	0.0021008403361344537	2.3010299956639813	0.004834096629546179
太田	1	0.0021008403361344537	2.3010299956639813	0.004834096629546179
山口	1	0.0021008403361344537	2.3010299956639813	0.004834096629546179
関連	2	0.004201680672268907	1.1191864077192086	0.004702463897979868
領域	1	0.0021008403361344537	2.221848749616356	0.004667749473983941
データ	1	0.0021008403361344537	2.221848749616356	0.004667749473983941
結婚	1	0.0021008403361344537	2.221848749616356	0.004667749473983941
変化	1	0.0021008403361344537	2.221848749616356	0.004667749473983941
モデル	1	0.0021008403361344537	2.221848749616356	0.004667749473983941
生産	1	0.0021008403361344537	2.221848749616356	0.004667749473983941
言語	1	0.0021008403361344537	2.154901959985743	0.004527104957953242
主要	1	0.0021008403361344537	2.154901959985743	0.004527104957953242
共同	1	0.0021008403361344537	2.0969100130080562	0.004405273136571547
都市	1	0.0021008403361344537	2.0969100130080562	0.004405273136571547
体制	1	0.0021008403361344537	2.0969100130080562	0.004405273136571547
もと	1	0.0021008403361344537	2.045757490560675	0.004297809854119064
著名	1	0.0021008403361344537	2.045757490560675	0.004297809854119064
法人	1	0.0021008403361344537	2.045757490560675	0.004297809854119064
映像	1	0.0021008403361344537	2.045757490560675	0.004297809854119064
章	1	0.0021008403361344537	2.045757490560675	0.004297809854119064
近代	1	0.0021008403361344537	2.045757490560675	0.004297809854119064
体	1	0.0021008403361344537	2.045757490560675	0.004297809854119064
類	1	0.0021008403361344537	2.0	0.004201680672268907
自然	1	0.0021008403361344537	2.0	0.004201680672268907
近年	1	0.0021008403361344537	2.0	0.004201680672268907
対象	1	0.0021008403361344537	1.958607314841775	0.004114721249667595
形成	1	0.0021008403361344537	1.958607314841775	0.004114721249667595
ここ	1	0.0021008403361344537	1.7958800173440752	0.0037728571792942753
多く	1	0.0021008403361344537	1.7958800173440752	0.0037728571792942753
史	1	0.0021008403361344537	1.744727494896694	0.003665393896841794
版	1	0.0021008403361344537	1.7212463990471711	0.003616063863544477
文献	1	0.0021008403361344537	1.6989700043360187	0.0035692647149916357
可能	1	0.0021008403361344537	1.6989700043360187	0.0035692647149916357
参考	1	0.0021008403361344537	1.6777807052660807	0.003524749380811094
概要	1	0.0021008403361344537	1.638272163982407	0.0034417482436605185
一部	1	0.0021008403361344537	1.638272163982407	0.0034417482436605185
会	1	0.0021008403361344537	1.619788758288394	0.003402917559429399
利用	1	0.0021008403361344537	1.6020599913279625	0.0033656722506889966
世界	1	0.0021008403361344537	1.5686362358410126	0.0032954542769769173
性	1	0.0021008403361344537	1.5228787452803376	0.0031993250951267596
歴	1	0.0021008403361344537	1.5086383061657274	0.0031694082062305195
記事	1	0.0021008403361344537	1.4685210829577449	0.003085128325541481
これ	1	0.0021008403361344537	1.408935392973501	0.0029599483045661783
中	1	0.0021008403361344537	1.3665315444204136	0.002870864589118516
話	1	0.0021008403361344537	1.3565473235138126	0.0028498893351130514
表	1	0.0021008403361344537	1.3467874862246563	0.0028293854752618826
現在	1	0.0021008403361344537	1.3467874862246563	0.0028293854752618826
・	1	0.0021008403361344537	1.337242168318426	0.0028093322863832477
後	1	0.0021008403361344537	1.2596373105057561	0.002646296870810412
項目	1	0.0021008403361344537	1.1426675035687315	0.002400561982287251
作成	1	0.0021008403361344537	1.00436480540245	0.0021100100953832983
カテゴリ	1	0.0021008403361344537	1.00436480540245	0.0021100100953832983
移動	1	0.0021008403361344537	1.0	0.0021008403361344537
事典	1	0.0021008403361344537	1.0	0.0021008403361344537
フリー	1	0.0021008403361344537	1.0	0.0021008403361344537
出典	1	0.0021008403361344537	1.0	0.0021008403361344537
百科	1	0.0021008403361344537	1.0	0.0021008403361344537
検索	1	0.0021008403361344537	1.0	0.0021008403361344537
