#語	出現回数	TF	IDF	TF-IDF	
町	66	0.06340057636887608	1.7958800173440752	0.11385982818896154
清水	47	0.04514889529298751	2.3979400086720375	0.10826434237039938
村	53	0.05091258405379443	2.0969100130080562	0.10675910729051584
有田	20	0.01921229586935639	2.6989700043360187	0.051853410265821694
和歌山	19	0.01825168107588857	2.6989700043360187	0.0492607397525306
年	35	0.03362151777137368	1.0409586076789064	0.03499860832734075
二川	10	0.009606147934678195	3.0	0.028818443804034585
県	20	0.01921229586935639	1.431798275933005	0.02750813210245927
町立	10	0.009606147934678195	2.6989700043360187	0.025926705132910847
郡	12	0.011527377521613832	2.045757490560675	0.023582218911362245
金屋	8	0.007684918347742555	3.0	0.023054755043227664
川	10	0.009606147934678195	2.3010299956639813	0.022104034540480128
粟生	7	0.0067243035542747355	3.0	0.020172910662824207
城山	7	0.0067243035542747355	3.0	0.020172910662824207
諦	7	0.0067243035542747355	3.0	0.020172910662824207
月	17	0.01633045148895293	1.1307682802690238	0.018465956546180023
日	16	0.01536983669548511	1.1804560644581312	0.018143416936916523
安	7	0.0067243035542747355	2.3979400086720375	0.016124476523250972
都市	8	0.007684918347742555	2.0969100130080562	0.01611458223253069
編集	16	0.01536983669548511	1.0177287669604316	0.015642324948479256
昭和	9	0.008645533141210375	1.6777807052660807	0.014505308691061218
合併	6	0.005763688760806916	2.3979400086720375	0.013820979877072261
小学校	7	0.0067243035542747355	1.958607314841775	0.013170270128619044
木造	5	0.004803073967339097	2.6989700043360187	0.012963352566455423
現在	10	0.009606147934678195	1.3467874862246563	0.01293743982924742
温泉	6	0.005763688760806916	2.221848749616356	0.012806044666376692
地区	6	0.005763688760806916	2.0969100130080562	0.012085936674398019
久野原	4	0.0038424591738712775	3.0	0.011527377521613832
栽培	4	0.0038424591738712775	3.0	0.011527377521613832
棚田	4	0.0038424591738712775	3.0	0.011527377521613832
文化財	5	0.004803073967339097	2.3010299956639813	0.011052017270240064
八幡	5	0.004803073967339097	2.3010299956639813	0.011052017270240064
産業	5	0.004803073967339097	2.221848749616356	0.010671703888647245
岩倉	4	0.0038424591738712775	2.6989700043360187	0.010370682053164337
民俗	4	0.0038424591738712775	2.6989700043360187	0.010370682053164337
締結	4	0.0038424591738712775	2.6989700043360187	0.010370682053164337
姉妹	5	0.004803073967339097	2.154901959985743	0.01035015350617552
観光	5	0.004803073967339097	2.0969100130080562	0.010071613895331684
スポット	4	0.0038424591738712775	2.5228787452803374	0.00969405857936729
鉄道	5	0.004803073967339097	2.0	0.009606147934678195
廃止	5	0.004803073967339097	1.8860566476931633	0.00905886958546188
それ	6	0.005763688760806916	1.5228787452803376	0.00877739910824402
号	6	0.005763688760806916	1.5228787452803376	0.00877739910824402
板尾	3	0.002881844380403458	3.0	0.008645533141210374
吉備	3	0.002881844380403458	3.0	0.008645533141210374
楠本	3	0.002881844380403458	3.0	0.008645533141210374
押手	3	0.002881844380403458	3.0	0.008645533141210374
就業	3	0.002881844380403458	3.0	0.008645533141210374
部分	5	0.004803073967339097	1.7958800173440752	0.008625744559769815
名	6	0.005763688760806916	1.494850021680094	0.008615850269049532
線	5	0.004803073967339097	1.6989700043360187	0.008160278599116326
指定	4	0.0038424591738712775	2.0969100130080562	0.008057291116265346
日本	7	0.0067243035542747355	1.1870866433571445	0.007982330935158512
中学校	4	0.0038424591738712775	2.045757490560675	0.007860739637120749
ダム	3	0.002881844380403458	2.6989700043360187	0.0077780115398732525
高野	3	0.002881844380403458	2.6989700043360187	0.0077780115398732525
提携	3	0.002881844380403458	2.6989700043360187	0.0077780115398732525
無形	3	0.002881844380403458	2.6989700043360187	0.0077780115398732525
歴史	5	0.004803073967339097	1.5686362358410126	0.007534275868592761
五	4	0.0038424591738712775	1.9208187539523753	0.0073806676424683
町内	3	0.002881844380403458	2.5228787452803374	0.007270543934525467
市町村	3	0.002881844380403458	2.5228787452803374	0.007270543934525467
道	4	0.0038424591738712775	1.8860566476931633	0.007247095668369503
誕生	4	0.0038424591738712775	1.8860566476931633	0.007247095668369503
発祥	3	0.002881844380403458	2.3979400086720375	0.0069104899385361305
公園	3	0.002881844380403458	2.154901959985743	0.006210092103705311
神社	3	0.002881844380403458	2.154901959985743	0.006210092103705311
国道	3	0.002881844380403458	2.0969100130080562	0.006042968337199009
重要	3	0.002881844380403458	2.0969100130080562	0.006042968337199009
紀州	2	0.0019212295869356388	3.0	0.005763688760806916
旧跡	2	0.0019212295869356388	3.0	0.005763688760806916
杉野原	2	0.0019212295869356388	3.0	0.005763688760806916
芝居	2	0.0019212295869356388	3.0	0.005763688760806916
歌舞伎	2	0.0019212295869356388	3.0	0.005763688760806916
嶋	2	0.0019212295869356388	3.0	0.005763688760806916
御田	2	0.0019212295869356388	3.0	0.005763688760806916
下湯川	2	0.0019212295869356388	3.0	0.005763688760806916
境川	2	0.0019212295869356388	3.0	0.005763688760806916
野上	2	0.0019212295869356388	3.0	0.005763688760806916
和紙	2	0.0019212295869356388	3.0	0.005763688760806916
竜神	2	0.0019212295869356388	3.0	0.005763688760806916
生石	2	0.0019212295869356388	3.0	0.005763688760806916
山椒	2	0.0019212295869356388	3.0	0.005763688760806916
滝	2	0.0019212295869356388	3.0	0.005763688760806916
有田川	2	0.0019212295869356388	3.0	0.005763688760806916
しみず	2	0.0019212295869356388	3.0	0.005763688760806916
シュロ	2	0.0019212295869356388	3.0	0.005763688760806916
催事	2	0.0019212295869356388	3.0	0.005763688760806916
立像	2	0.0019212295869356388	3.0	0.005763688760806916
坐像	2	0.0019212295869356388	3.0	0.005763688760806916
野迫川	2	0.0019212295869356388	3.0	0.005763688760806916
美里	2	0.0019212295869356388	3.0	0.005763688760806916
江戸	3	0.002881844380403458	1.958607314841775	0.005644401483693876
時代	4	0.0038424591738712775	1.408935392973501	0.005413776726122962
国定	2	0.0019212295869356388	2.6989700043360187	0.005185341026582168
選	2	0.0019212295869356388	2.6989700043360187	0.005185341026582168
盛ん	2	0.0019212295869356388	2.6989700043360187	0.005185341026582168
町村	2	0.0019212295869356388	2.6989700043360187	0.005185341026582168
農村	2	0.0019212295869356388	2.6989700043360187	0.005185341026582168
祭事	2	0.0019212295869356388	2.6989700043360187	0.005185341026582168
分校	2	0.0019212295869356388	2.6989700043360187	0.005185341026582168
養蚕	2	0.0019212295869356388	2.6989700043360187	0.005185341026582168
龍神	2	0.0019212295869356388	2.6989700043360187	0.005185341026582168
高原	2	0.0019212295869356388	2.6989700043360187	0.005185341026582168
景勝	2	0.0019212295869356388	2.5228787452803374	0.004847029289683645
白馬	2	0.0019212295869356388	2.5228787452803374	0.004847029289683645
当	2	0.0019212295869356388	2.5228787452803374	0.004847029289683645
名所	2	0.0019212295869356388	2.5228787452803374	0.004847029289683645
域	2	0.0019212295869356388	2.5228787452803374	0.004847029289683645
次	3	0.002881844380403458	1.6575773191777938	0.004776879882356754
渓谷	2	0.0019212295869356388	2.3979400086720375	0.004606993292357421
自治体	2	0.0019212295869356388	2.3979400086720375	0.004606993292357421
経済	2	0.0019212295869356388	2.3979400086720375	0.004606993292357421
別名	2	0.0019212295869356388	2.3979400086720375	0.004606993292357421
数	3	0.002881844380403458	1.585026652029182	0.004567800149940005
国	3	0.002881844380403458	1.5528419686577808	0.004475048901031068
県立	2	0.0019212295869356388	2.3010299956639813	0.004420806908096026
行政	2	0.0019212295869356388	2.3010299956639813	0.004420806908096026
編入	2	0.0019212295869356388	2.221848749616356	0.0042686815554588975
北部	2	0.0019212295869356388	2.221848749616356	0.0042686815554588975
隣接	2	0.0019212295869356388	2.221848749616356	0.0042686815554588975
明	2	0.0019212295869356388	2.221848749616356	0.0042686815554588975
地理	2	0.0019212295869356388	2.221848749616356	0.0042686815554588975
データ	2	0.0019212295869356388	2.221848749616356	0.0042686815554588975
生産	2	0.0019212295869356388	2.221848749616356	0.0042686815554588975
道路	2	0.0019212295869356388	2.154901959985743	0.004140061402470208
制	2	0.0019212295869356388	2.0969100130080562	0.004028645558132673
百	2	0.0019212295869356388	2.0969100130080562	0.004028645558132673
量	2	0.0019212295869356388	2.045757490560675	0.003930369818560374
外部	3	0.002881844380403458	1.3098039199714864	0.003774651066200249
リンク	3	0.002881844380403458	1.2839966563652008	0.003700278548602884
明治	2	0.0019212295869356388	1.9208187539523753	0.00369033382123415
中央	2	0.0019212295869356388	1.9208187539523753	0.00369033382123415
最初	2	0.0019212295869356388	1.9208187539523753	0.00369033382123415
教育	2	0.0019212295869356388	1.8860566476931633	0.0036235478341847516
高等	2	0.0019212295869356388	1.8860566476931633	0.0036235478341847516
位置	2	0.0019212295869356388	1.853871964321762	0.00356171366824546
平成	2	0.0019212295869356388	1.853871964321762	0.00356171366824546
センター	2	0.0019212295869356388	1.853871964321762	0.00356171366824546
以下	2	0.0019212295869356388	1.853871964321762	0.00356171366824546
者	3	0.002881844380403458	1.1870866433571445	0.003420998972210791
地方	2	0.0019212295869356388	1.7695510786217261	0.0033997138878419327
学校	2	0.0019212295869356388	1.7695510786217261	0.0033997138878419327
駅	2	0.0019212295869356388	1.744727494896694	0.003352022084335627
交通	2	0.0019212295869356388	1.7212463990471711	0.003306909508255852
度	2	0.0019212295869356388	1.7212463990471711	0.003306909508255852
分	2	0.0019212295869356388	1.6575773191777938	0.003184586588237836
部	2	0.0019212295869356388	1.619788758288394	0.0031119860870094025
脚注	2	0.0019212295869356388	1.6020599913279625	0.0030779250553851344
地	2	0.0019212295869356388	1.537602002101044	0.0029540864593679997
市	2	0.0019212295869356388	1.5228787452803376	0.0029257997027480067
高石	1	9.606147934678194E-4	3.0	0.002881844380403458
はたち	1	9.606147934678194E-4	3.0	0.002881844380403458
井谷	1	9.606147934678194E-4	3.0	0.002881844380403458
三田	1	9.606147934678194E-4	3.0	0.002881844380403458
八つ	1	9.606147934678194E-4	3.0	0.002881844380403458
蘭島	1	9.606147934678194E-4	3.0	0.002881844380403458
ゆき	1	9.606147934678194E-4	3.0	0.002881844380403458
開墾	1	9.606147934678194E-4	3.0	0.002881844380403458
や	1	9.606147934678194E-4	3.0	0.002881844380403458
ツツジ	1	9.606147934678194E-4	3.0	0.002881844380403458
おこし	1	9.606147934678194E-4	3.0	0.002881844380403458
若藪山	1	9.606147934678194E-4	3.0	0.002881844380403458
日物川	1	9.606147934678194E-4	3.0	0.002881844380403458
堂鳴海山	1	9.606147934678194E-4	3.0	0.002881844380403458
藤並	1	9.606147934678194E-4	3.0	0.002881844380403458
宿泊	1	9.606147934678194E-4	3.0	0.002881844380403458
大蔵	1	9.606147934678194E-4	3.0	0.002881844380403458
五郷	1	9.606147934678194E-4	3.0	0.002881844380403458
お寺	1	9.606147934678194E-4	3.0	0.002881844380403458
お互い	1	9.606147934678194E-4	3.0	0.002881844380403458
童子	1	9.606147934678194E-4	3.0	0.002881844380403458
山村	1	9.606147934678194E-4	3.0	0.002881844380403458
町北	1	9.606147934678194E-4	3.0	0.002881844380403458
典型	1	9.606147934678194E-4	3.0	0.002881844380403458
ミヤマ	1	9.606147934678194E-4	3.0	0.002881844380403458
ヤマガラ	1	9.606147934678194E-4	3.0	0.002881844380403458
随一	1	9.606147934678194E-4	3.0	0.002881844380403458
湯川	1	9.606147934678194E-4	3.0	0.002881844380403458
屋根	1	9.606147934678194E-4	3.0	0.002881844380403458
太夫	1	9.606147934678194E-4	3.0	0.002881844380403458
寄り	1	9.606147934678194E-4	3.0	0.002881844380403458
社団	1	9.606147934678194E-4	3.0	0.002881844380403458
尖峰山	1	9.606147934678194E-4	3.0	0.002881844380403458
点在	1	9.606147934678194E-4	3.0	0.002881844380403458
産物	1	9.606147934678194E-4	3.0	0.002881844380403458
吉祥寺	1	9.606147934678194E-4	3.0	0.002881844380403458
川合	1	9.606147934678194E-4	3.0	0.002881844380403458
八角	1	9.606147934678194E-4	3.0	0.002881844380403458
上湯川	1	9.606147934678194E-4	3.0	0.002881844380403458
谷村	1	9.606147934678194E-4	3.0	0.002881844380403458
扇形	1	9.606147934678194E-4	3.0	0.002881844380403458
支流	1	9.606147934678194E-4	3.0	0.002881844380403458
紀伊	1	9.606147934678194E-4	3.0	0.002881844380403458
丹生	1	9.606147934678194E-4	3.0	0.002881844380403458
西原	1	9.606147934678194E-4	3.0	0.002881844380403458
高川	1	9.606147934678194E-4	3.0	0.002881844380403458
附近	1	9.606147934678194E-4	3.0	0.002881844380403458
遠井	1	9.606147934678194E-4	3.0	0.002881844380403458
庄屋	1	9.606147934678194E-4	3.0	0.002881844380403458
白馬山	1	9.606147934678194E-4	3.0	0.002881844380403458
大日如来	1	9.606147934678194E-4	3.0	0.002881844380403458
薬師如来	1	9.606147934678194E-4	3.0	0.002881844380403458
岩野河	1	9.606147934678194E-4	3.0	0.002881844380403458
北野川	1	9.606147934678194E-4	3.0	0.002881844380403458
白井山	1	9.606147934678194E-4	3.0	0.002881844380403458
聖観音	1	9.606147934678194E-4	3.0	0.002881844380403458
花園	1	9.606147934678194E-4	3.0	0.002881844380403458
雨山	1	9.606147934678194E-4	3.0	0.002881844380403458
スカイライン	1	9.606147934678194E-4	3.0	0.002881844380403458
東大谷	1	9.606147934678194E-4	3.0	0.002881844380403458
かつらぎ	1	9.606147934678194E-4	3.0	0.002881844380403458
特記	1	9.606147934678194E-4	3.0	0.002881844380403458
亀甲	1	9.606147934678194E-4	3.0	0.002881844380403458
山脈	1	9.606147934678194E-4	3.0	0.002881844380403458
五段の滝	1	9.606147934678194E-4	3.0	0.002881844380403458
しき	1	9.606147934678194E-4	3.0	0.002881844380403458
沼谷	1	9.606147934678194E-4	3.0	0.002881844380403458
八幡野	1	9.606147934678194E-4	3.0	0.002881844380403458
過疎	1	9.606147934678194E-4	3.0	0.002881844380403458
不動明王	1	9.606147934678194E-4	3.0	0.002881844380403458
講	1	9.606147934678194E-4	3.0	0.002881844380403458
床山	1	9.606147934678194E-4	3.0	0.002881844380403458
ぶどう	1	9.606147934678194E-4	3.0	0.002881844380403458
生石ヶ峰	1	9.606147934678194E-4	3.0	0.002881844380403458
捷	1	9.606147934678194E-4	3.0	0.002881844380403458
平安	1	9.606147934678194E-4	3.0	0.002881844380403458
紀勢本線	1	9.606147934678194E-4	3.0	0.002881844380403458
長峰山脈	1	9.606147934678194E-4	3.0	0.002881844380403458
有数	1	9.606147934678194E-4	3.0	0.002881844380403458
徒	1	9.606147934678194E-4	3.0	0.002881844380403458
二沢	1	9.606147934678194E-4	3.0	0.002881844380403458
実	1	9.606147934678194E-4	3.0	0.002881844380403458
三瀬川	1	9.606147934678194E-4	3.0	0.002881844380403458
薬師堂	1	9.606147934678194E-4	3.0	0.002881844380403458
宮川	1	9.606147934678194E-4	3.0	0.002881844380403458
銚子	1	9.606147934678194E-4	3.0	0.002881844380403458
死者	1	9.606147934678194E-4	3.0	0.002881844380403458
二	2	0.0019212295869356388	1.4814860601221125	0.002846274851339313
これ	2	0.0019212295869356388	1.408935392973501	0.002706888363061481
の	2	0.0019212295869356388	1.3767507096020997	0.0026450541971221896
正月	1	9.606147934678194E-4	2.6989700043360187	0.002592670513291084
西小学校	1	9.606147934678194E-4	2.6989700043360187	0.002592670513291084
笠松	1	9.606147934678194E-4	2.6989700043360187	0.002592670513291084
人口	1	9.606147934678194E-4	2.6989700043360187	0.002592670513291084
日本国	1	9.606147934678194E-4	2.6989700043360187	0.002592670513291084
上流	1	9.606147934678194E-4	2.6989700043360187	0.002592670513291084
あら	1	9.606147934678194E-4	2.6989700043360187	0.002592670513291084
林業	1	9.606147934678194E-4	2.6989700043360187	0.002592670513291084
沼	1	9.606147934678194E-4	2.6989700043360187	0.002592670513291084
浄土宗	1	9.606147934678194E-4	2.6989700043360187	0.002592670513291084
日本一	1	9.606147934678194E-4	2.6989700043360187	0.002592670513291084
衰退	1	9.606147934678194E-4	2.6989700043360187	0.002592670513291084
新田	1	9.606147934678194E-4	2.6989700043360187	0.002592670513291084
毘沙門天	1	9.606147934678194E-4	2.6989700043360187	0.002592670513291084
川口	1	9.606147934678194E-4	2.6989700043360187	0.002592670513291084
山々	1	9.606147934678194E-4	2.6989700043360187	0.002592670513291084
水害	1	9.606147934678194E-4	2.6989700043360187	0.002592670513291084
舞	1	9.606147934678194E-4	2.6989700043360187	0.002592670513291084
農林	1	9.606147934678194E-4	2.6989700043360187	0.002592670513291084
つながり	1	9.606147934678194E-4	2.6989700043360187	0.002592670513291084
立石	1	9.606147934678194E-4	2.6989700043360187	0.002592670513291084
県道	1	9.606147934678194E-4	2.6989700043360187	0.002592670513291084
不振	1	9.606147934678194E-4	2.6989700043360187	0.002592670513291084
ぶん	1	9.606147934678194E-4	2.6989700043360187	0.002592670513291084
半島	1	9.606147934678194E-4	2.6989700043360187	0.002592670513291084
スギ	1	9.606147934678194E-4	2.6989700043360187	0.002592670513291084
しら	1	9.606147934678194E-4	2.6989700043360187	0.002592670513291084
友好	1	9.606147934678194E-4	2.6989700043360187	0.002592670513291084
休校	1	9.606147934678194E-4	2.6989700043360187	0.002592670513291084
山間	1	9.606147934678194E-4	2.6989700043360187	0.002592670513291084
任期	1	9.606147934678194E-4	2.6989700043360187	0.002592670513291084
国勢調査	1	9.606147934678194E-4	2.6989700043360187	0.002592670513291084
町営	1	9.606147934678194E-4	2.6989700043360187	0.002592670513291084
役場	1	9.606147934678194E-4	2.6989700043360187	0.002592670513291084
可	1	9.606147934678194E-4	2.6989700043360187	0.002592670513291084
堂	1	9.606147934678194E-4	2.5228787452803374	0.0024235146448418226
県営	1	9.606147934678194E-4	2.5228787452803374	0.0024235146448418226
田辺	1	9.606147934678194E-4	2.5228787452803374	0.0024235146448418226
振興	1	9.606147934678194E-4	2.5228787452803374	0.0024235146448418226
実情	1	9.606147934678194E-4	2.5228787452803374	0.0024235146448418226
直前	1	9.606147934678194E-4	2.5228787452803374	0.0024235146448418226
姿	1	9.606147934678194E-4	2.5228787452803374	0.0024235146448418226
施行	1	9.606147934678194E-4	2.5228787452803374	0.0024235146448418226
時点	1	9.606147934678194E-4	2.5228787452803374	0.0024235146448418226
吉野	1	9.606147934678194E-4	2.5228787452803374	0.0024235146448418226
田中	1	9.606147934678194E-4	2.5228787452803374	0.0024235146448418226
健康	1	9.606147934678194E-4	2.5228787452803374	0.0024235146448418226
中原	1	9.606147934678194E-4	2.5228787452803374	0.0024235146448418226
きっかけ	1	9.606147934678194E-4	2.5228787452803374	0.0024235146448418226
ほう	1	9.606147934678194E-4	2.5228787452803374	0.0024235146448418226
町長	1	9.606147934678194E-4	2.5228787452803374	0.0024235146448418226
まち	1	9.606147934678194E-4	2.5228787452803374	0.0024235146448418226
寄	1	9.606147934678194E-4	2.5228787452803374	0.0024235146448418226
西日本旅客鉄道	1	9.606147934678194E-4	2.5228787452803374	0.0024235146448418226
県内	1	9.606147934678194E-4	2.5228787452803374	0.0024235146448418226
コード	1	9.606147934678194E-4	2.5228787452803374	0.0024235146448418226
静岡	1	9.606147934678194E-4	2.3979400086720375	0.0023034966461787103
ちょう	1	9.606147934678194E-4	2.3979400086720375	0.0023034966461787103
木材	1	9.606147934678194E-4	2.3979400086720375	0.0023034966461787103
北西	1	9.606147934678194E-4	2.3979400086720375	0.0023034966461787103
収容	1	9.606147934678194E-4	2.3979400086720375	0.0023034966461787103
暦	1	9.606147934678194E-4	2.3979400086720375	0.0023034966461787103
福井	1	9.606147934678194E-4	2.3979400086720375	0.0023034966461787103
番地	1	9.606147934678194E-4	2.3979400086720375	0.0023034966461787103
元気	1	9.606147934678194E-4	2.3979400086720375	0.0023034966461787103
鳥	1	9.606147934678194E-4	2.3010299956639813	0.002210403454048013
都道府県	1	9.606147934678194E-4	2.3010299956639813	0.002210403454048013
里	1	9.606147934678194E-4	2.3010299956639813	0.002210403454048013
新設	1	9.606147934678194E-4	2.3010299956639813	0.002210403454048013
成立	1	9.606147934678194E-4	2.3010299956639813	0.002210403454048013
近畿	1	9.606147934678194E-4	2.3010299956639813	0.002210403454048013
東経	1	9.606147934678194E-4	2.3010299956639813	0.002210403454048013
項目	2	0.0019212295869356388	1.1426675035687315	0.0021953266158861316
関連	2	0.0019212295869356388	1.1191864077192086	0.0021502140398063567
南部	1	9.606147934678194E-4	2.221848749616356	0.0021343407777294487
像	1	9.606147934678194E-4	2.221848749616356	0.0021343407777294487
理由	1	9.606147934678194E-4	2.221848749616356	0.0021343407777294487
左	1	9.606147934678194E-4	2.221848749616356	0.0021343407777294487
いずれ	1	9.606147934678194E-4	2.221848749616356	0.0021343407777294487
奈良	1	9.606147934678194E-4	2.221848749616356	0.0021343407777294487
北海道	1	9.606147934678194E-4	2.221848749616356	0.0021343407777294487
木	1	9.606147934678194E-4	2.221848749616356	0.0021343407777294487
西部	1	9.606147934678194E-4	2.221848749616356	0.0021343407777294487
沿い	1	9.606147934678194E-4	2.221848749616356	0.0021343407777294487
ノート	1	9.606147934678194E-4	2.154901959985743	0.002070030701235104
外国	1	9.606147934678194E-4	2.154901959985743	0.002070030701235104
なか	1	9.606147934678194E-4	2.154901959985743	0.002070030701235104
解説	1	9.606147934678194E-4	2.154901959985743	0.002070030701235104
北緯	1	9.606147934678194E-4	2.154901959985743	0.002070030701235104
西日本	1	9.606147934678194E-4	2.154901959985743	0.002070030701235104
交流	1	9.606147934678194E-4	2.154901959985743	0.002070030701235104
面積	1	9.606147934678194E-4	2.154901959985743	0.002070030701235104
毎年	1	9.606147934678194E-4	2.0969100130080562	0.0020143227790663364
整備	1	9.606147934678194E-4	2.0969100130080562	0.0020143227790663364
府	1	9.606147934678194E-4	2.0969100130080562	0.0020143227790663364
事項	1	9.606147934678194E-4	2.0969100130080562	0.0020143227790663364
例	1	9.606147934678194E-4	2.0969100130080562	0.0020143227790663364
テンプレート	1	9.606147934678194E-4	2.045757490560675	0.001965184909280187
場所	1	9.606147934678194E-4	2.045757490560675	0.001965184909280187
法人	1	9.606147934678194E-4	2.045757490560675	0.001965184909280187
団体	1	9.606147934678194E-4	2.045757490560675	0.001965184909280187
就任	1	9.606147934678194E-4	2.045757490560675	0.001965184909280187
のち	1	9.606147934678194E-4	2.045757490560675	0.001965184909280187
環境	1	9.606147934678194E-4	2.045757490560675	0.001965184909280187
通り	1	9.606147934678194E-4	2.045757490560675	0.001965184909280187
節	1	9.606147934678194E-4	2.045757490560675	0.001965184909280187
特徴	1	9.606147934678194E-4	2.0	0.0019212295869356388
自然	1	9.606147934678194E-4	2.0	0.0019212295869356388
代表	1	9.606147934678194E-4	2.0	0.0019212295869356388
サイト	1	9.606147934678194E-4	1.958607314841775	0.0018814671612312922
年間	1	9.606147934678194E-4	1.958607314841775	0.0018814671612312922
大阪	1	9.606147934678194E-4	1.958607314841775	0.0018814671612312922
はじめ	1	9.606147934678194E-4	1.958607314841775	0.0018814671612312922
東	1	9.606147934678194E-4	1.958607314841775	0.0018814671612312922
完成	1	9.606147934678194E-4	1.9208187539523753	0.001845166910617075
路線	1	9.606147934678194E-4	1.9208187539523753	0.001845166910617075
規模	1	9.606147934678194E-4	1.9208187539523753	0.001845166910617075
花	1	9.606147934678194E-4	1.9208187539523753	0.001845166910617075
初期	1	9.606147934678194E-4	1.8860566476931633	0.0018117739170923758
全国	1	9.606147934678194E-4	1.8860566476931633	0.0018117739170923758
地域	1	9.606147934678194E-4	1.8860566476931633	0.0018117739170923758
形	1	9.606147934678194E-4	1.8860566476931633	0.0018117739170923758
以上	1	9.606147934678194E-4	1.8860566476931633	0.0018117739170923758
目的	1	9.606147934678194E-4	1.853871964321762	0.00178085683412273
バス	1	9.606147934678194E-4	1.853871964321762	0.00178085683412273
位	1	9.606147934678194E-4	1.853871964321762	0.00178085683412273
多数	1	9.606147934678194E-4	1.853871964321762	0.00178085683412273
所在地	1	9.606147934678194E-4	1.8239087409443187	0.0017520737184863772
館	1	9.606147934678194E-4	1.7958800173440752	0.0017251489119539628
ここ	1	9.606147934678194E-4	1.7958800173440752	0.0017251489119539628
型	1	9.606147934678194E-4	1.744727494896694	0.0016760110421678135
施設	1	9.606147934678194E-4	1.7212463990471711	0.001653454754127926
一般	1	9.606147934678194E-4	1.7212463990471711	0.001653454754127926
さ	1	9.606147934678194E-4	1.7212463990471711	0.001653454754127926
公式	1	9.606147934678194E-4	1.7212463990471711	0.001653454754127926
ほか	1	9.606147934678194E-4	1.7212463990471711	0.001653454754127926
場	1	9.606147934678194E-4	1.6989700043360187	0.0016320557198232649
式	1	9.606147934678194E-4	1.6777807052660807	0.0016117009656734685
一覧	1	9.606147934678194E-4	1.6575773191777938	0.001592293294118918
情報	1	9.606147934678194E-4	1.638272163982407	0.0015737484764480373
一部	1	9.606147934678194E-4	1.638272163982407	0.0015737484764480373
存在	1	9.606147934678194E-4	1.5686362358410126	0.001506855173718552
その後	1	9.606147934678194E-4	1.537602002101044	0.0014770432296839998
化	1	9.606147934678194E-4	1.537602002101044	0.0014770432296839998
もの	1	9.606147934678194E-4	1.3279021420642825	0.0012756024419445556
的	1	9.606147934678194E-4	1.2924298239020637	0.0012415272083593312
人	1	9.606147934678194E-4	1.2596373105057561	0.0012100262348758463
ため	1	9.606147934678194E-4	1.2291479883578558	0.0011807377409777673
表示	1	9.606147934678194E-4	1.1426675035687315	0.0010976633079430658
目次	1	9.606147934678194E-4	1.1426675035687315	0.0010976633079430658
作成	1	9.606147934678194E-4	1.00436480540245	9.648076901080212E-4
カテゴリ	1	9.606147934678194E-4	1.00436480540245	9.648076901080212E-4
移動	1	9.606147934678194E-4	1.0	9.606147934678194E-4
事典	1	9.606147934678194E-4	1.0	9.606147934678194E-4
フリー	1	9.606147934678194E-4	1.0	9.606147934678194E-4
出典	1	9.606147934678194E-4	1.0	9.606147934678194E-4
百科	1	9.606147934678194E-4	1.0	9.606147934678194E-4
検索	1	9.606147934678194E-4	1.0	9.606147934678194E-4
