#語	出現回数	TF	IDF	TF-IDF	
茜部	9	0.033962264150943396	3.0	0.1018867924528302
岐阜	11	0.04150943396226415	2.3010299956639813	0.09551445265020299
神社	8	0.03018867924528302	2.154901959985743	0.0650536440750413
祭神	5	0.018867924528301886	2.6989700043360187	0.050923962345962616
年	11	0.04150943396226415	1.0409586076789064	0.043209602582898
武内	3	0.011320754716981131	3.0	0.033962264150943396
宿禰	3	0.011320754716981131	3.0	0.033962264150943396
城	4	0.01509433962264151	2.154901959985743	0.03252682203752065
天	3	0.011320754716981131	2.6989700043360187	0.03055437740757757
例祭	3	0.011320754716981131	2.6989700043360187	0.03055437740757757
売	3	0.011320754716981131	2.6989700043360187	0.03055437740757757
市	5	0.018867924528301886	1.5228787452803376	0.028733561231704483
神道	3	0.011320754716981131	2.5228787452803374	0.028560891456003816
県	5	0.018867924528301886	1.431798275933005	0.0270150618100567
長	4	0.01509433962264151	1.7695510786217261	0.02671020496032794
時代	5	0.018867924528301886	1.408935392973501	0.026583686659877374
のり	3	0.011320754716981131	2.3010299956639813	0.02604939617732809
氏	3	0.011320754716981131	2.0969100130080562	0.023738603920845917
神功	2	0.007547169811320755	3.0	0.022641509433962266
八幡宮	2	0.007547169811320755	3.0	0.022641509433962266
成就	2	0.007547169811320755	3.0	0.022641509433962266
郷社	2	0.007547169811320755	3.0	0.022641509433962266
応神天皇	2	0.007547169811320755	3.0	0.022641509433962266
加納	2	0.007547169811320755	3.0	0.022641509433962266
皇后	2	0.007547169811320755	3.0	0.022641509433962266
高桑	2	0.007547169811320755	3.0	0.022641509433962266
佐波	2	0.007547169811320755	3.0	0.022641509433962266
茜部寺屋敷	2	0.007547169811320755	3.0	0.022641509433962266
保護	3	0.011320754716981131	1.958607314841775	0.022172912998208772
所在地	3	0.011320754716981131	1.8239087409443187	0.020648023482388513
概略	2	0.007547169811320755	2.6989700043360187	0.020369584938385046
荘	2	0.007547169811320755	2.6989700043360187	0.020369584938385046
宇佐	2	0.007547169811320755	2.6989700043360187	0.020369584938385046
斎藤	2	0.007547169811320755	2.5228787452803374	0.019040594304002546
大神	2	0.007547169811320755	2.5228787452803374	0.019040594304002546
創建	2	0.007547169811320755	2.5228787452803374	0.019040594304002546
会館	2	0.007547169811320755	2.5228787452803374	0.019040594304002546
行き	2	0.007547169811320755	2.5228787452803374	0.019040594304002546
番地	2	0.007547169811320755	2.3979400086720375	0.01809766044280783
丁目	2	0.007547169811320755	2.221848749616356	0.01676866980842533
徒歩	2	0.007547169811320755	2.221848749616356	0.01676866980842533
番	2	0.007547169811320755	2.154901959985743	0.016263411018760325
比	2	0.007547169811320755	2.154901959985743	0.016263411018760325
院	2	0.007547169811320755	2.0969100130080562	0.015825735947230614
編集	4	0.01509433962264151	1.0177287669604316	0.01536194365223293
自動車	2	0.007547169811320755	2.0	0.01509433962264151
変更	2	0.007547169811320755	1.958607314841775	0.01478194199880585
明治	2	0.007547169811320755	1.9208187539523753	0.014496745312848116
初期	2	0.007547169811320755	1.8860566476931633	0.014234389793910666
機関	2	0.007547169811320755	1.7958800173440752	0.013553811451653398
日	3	0.011320754716981131	1.1804560644581312	0.013363653559903372
下	2	0.007547169811320755	1.7695510786217261	0.01335510248016397
駅	2	0.007547169811320755	1.744727494896694	0.013167754678465616
交通	2	0.007547169811320755	1.7212463990471711	0.012990538860733368
月	3	0.011320754716981131	1.1307682802690238	0.012801150342668193
分	2	0.007547169811320755	1.6575773191777938	0.012510017503228632
小社	1	0.0037735849056603774	3.0	0.011320754716981133
川手	1	0.0037735849056603774	3.0	0.011320754716981133
道三	1	0.0037735849056603774	3.0	0.011320754716981133
戦災	1	0.0037735849056603774	3.0	0.011320754716981133
守護神	1	0.0037735849056603774	3.0	0.011320754716981133
空海	1	0.0037735849056603774	3.0	0.011320754716981133
岐阜バス	1	0.0037735849056603774	3.0	0.011320754716981133
神宮寺	1	0.0037735849056603774	3.0	0.011320754716981133
厚見	1	0.0037735849056603774	3.0	0.011320754716981133
廃仏毀釈	1	0.0037735849056603774	3.0	0.011320754716981133
産土神	1	0.0037735849056603774	3.0	0.011320754716981133
なべ	1	0.0037735849056603774	3.0	0.011320754716981133
竹鼻線	1	0.0037735849056603774	3.0	0.011320754716981133
土岐	1	0.0037735849056603774	3.0	0.011320754716981133
式内	1	0.0037735849056603774	3.0	0.011320754716981133
東大寺	1	0.0037735849056603774	3.0	0.011320754716981133
息	1	0.0037735849056603774	3.0	0.011320754716981133
三田洞	1	0.0037735849056603774	3.0	0.011320754716981133
屋敷	1	0.0037735849056603774	3.0	0.011320754716981133
廃寺	1	0.0037735849056603774	3.0	0.011320754716981133
荘園	1	0.0037735849056603774	3.0	0.011320754716981133
勧請	1	0.0037735849056603774	3.0	0.011320754716981133
誉田	1	0.0037735849056603774	3.0	0.011320754716981133
名鉄	1	0.0037735849056603774	3.0	0.011320754716981133
分社	1	0.0037735849056603774	3.0	0.011320754716981133
まつり	1	0.0037735849056603774	2.6989700043360187	0.010184792469192523
城主	1	0.0037735849056603774	2.6989700043360187	0.010184792469192523
笠松	1	0.0037735849056603774	2.6989700043360187	0.010184792469192523
伊奈	1	0.0037735849056603774	2.6989700043360187	0.010184792469192523
バスターミナル	1	0.0037735849056603774	2.6989700043360187	0.010184792469192523
弘治	1	0.0037735849056603774	2.6989700043360187	0.010184792469192523
社格	1	0.0037735849056603774	2.6989700043360187	0.010184792469192523
再建	1	0.0037735849056603774	2.5228787452803374	0.009520297152001273
尊	1	0.0037735849056603774	2.5228787452803374	0.009520297152001273
建立	1	0.0037735849056603774	2.5228787452803374	0.009520297152001273
じん	1	0.0037735849056603774	2.5228787452803374	0.009520297152001273
あか	1	0.0037735849056603774	2.5228787452803374	0.009520297152001273
織田	1	0.0037735849056603774	2.5228787452803374	0.009520297152001273
焼失	1	0.0037735849056603774	2.3979400086720375	0.009048830221403915
南北	1	0.0037735849056603774	2.3979400086720375	0.009048830221403915
名古屋	1	0.0037735849056603774	2.3979400086720375	0.009048830221403915
下車	1	0.0037735849056603774	2.3010299956639813	0.008683132059109363
バス停	1	0.0037735849056603774	2.3010299956639813	0.008683132059109363
死後	1	0.0037735849056603774	2.3010299956639813	0.008683132059109363
元年	1	0.0037735849056603774	2.3010299956639813	0.008683132059109363
波	1	0.0037735849056603774	2.3010299956639813	0.008683132059109363
奈良	1	0.0037735849056603774	2.221848749616356	0.008384334904212665
命	1	0.0037735849056603774	2.221848749616356	0.008384334904212665
戦国	1	0.0037735849056603774	2.221848749616356	0.008384334904212665
歴代	1	0.0037735849056603774	2.221848749616356	0.008384334904212665
寺	1	0.0037735849056603774	2.221848749616356	0.008384334904212665
朝	1	0.0037735849056603774	2.154901959985743	0.008131705509380163
地区	1	0.0037735849056603774	2.0969100130080562	0.007912867973615307
鉄道	1	0.0037735849056603774	2.0	0.007547169811320755
当初	1	0.0037735849056603774	1.958607314841775	0.007390970999402925
江戸	1	0.0037735849056603774	1.958607314841775	0.007390970999402925
うち	1	0.0037735849056603774	1.9208187539523753	0.007248372656424058
西	1	0.0037735849056603774	1.8860566476931633	0.007117194896955333
地域	1	0.0037735849056603774	1.8860566476931633	0.007117194896955333
社	1	0.0037735849056603774	1.7212463990471711	0.006495269430366684
線	1	0.0037735849056603774	1.6989700043360187	0.006411207563532147
式	1	0.0037735849056603774	1.6777807052660807	0.006331247944400304
昭和	1	0.0037735849056603774	1.6777807052660807	0.006331247944400304
内	1	0.0037735849056603774	1.619788758288394	0.00611241040863545
その後	1	0.0037735849056603774	1.537602002101044	0.005802271706041675
上	1	0.0037735849056603774	1.5228787452803376	0.005746712246340897
等	1	0.0037735849056603774	1.5086383061657274	0.005692974740248028
歴	1	0.0037735849056603774	1.5086383061657274	0.005692974740248028
加筆	1	0.0037735849056603774	1.5086383061657274	0.005692974740248028
訂正	1	0.0037735849056603774	1.5086383061657274	0.005692974740248028
記事	1	0.0037735849056603774	1.4685210829577449	0.005541588992293377
協力	1	0.0037735849056603774	1.4436974992327127	0.005447915091444199
これ	1	0.0037735849056603774	1.408935392973501	0.005316737331975475
話	1	0.0037735849056603774	1.3565473235138126	0.005119046503825708
表	1	0.0037735849056603774	1.3467874862246563	0.005082216929149647
・	1	0.0037735849056603774	1.337242168318426	0.0050461968615789655
もの	1	0.0037735849056603774	1.3279021420642825	0.005010951479487859
編	1	0.0037735849056603774	1.3279021420642825	0.005010951479487859
後	1	0.0037735849056603774	1.2596373105057561	0.004753348341531155
者	1	0.0037735849056603774	1.1870866433571445	0.004479572239083564
項目	1	0.0037735849056603774	1.1426675035687315	0.004311952843655591
表示	1	0.0037735849056603774	1.1426675035687315	0.004311952843655591
目次	1	0.0037735849056603774	1.1426675035687315	0.004311952843655591
関連	1	0.0037735849056603774	1.1191864077192086	0.004223344934789467
作成	1	0.0037735849056603774	1.00436480540245	0.003790055869443208
カテゴリ	1	0.0037735849056603774	1.00436480540245	0.003790055869443208
百科	1	0.0037735849056603774	1.0	0.0037735849056603774
移動	1	0.0037735849056603774	1.0	0.0037735849056603774
事典	1	0.0037735849056603774	1.0	0.0037735849056603774
フリー	1	0.0037735849056603774	1.0	0.0037735849056603774
検索	1	0.0037735849056603774	1.0	0.0037735849056603774
出典	1	0.0037735849056603774	1.0	0.0037735849056603774
