#語	出現回数	TF	IDF	TF-IDF	
佐多岬	25	0.04159733777038269	2.6989700043360187	0.11226996690249662
料金	14	0.02329450915141431	2.6989700043360187	0.06287118146539811
道路	16	0.026622296173044926	2.154901959985743	0.05736843820261546
ロード	11	0.018302828618968387	2.6989700043360187	0.04939878543709852
パーク	11	0.018302828618968387	2.5228787452803374	0.04617581730130402
町	15	0.024958402662229616	1.7958800173440752	0.044822296605925335
鹿児島	12	0.019966722129783693	2.154901959985743	0.04302632865196159
大隅	8	0.013311148086522463	3.0	0.03993344425956739
岩崎	8	0.013311148086522463	3.0	0.03993344425956739
年	19	0.03161397670549085	1.0409586076789064	0.03290884117454113
南	10	0.016638935108153077	1.9208187539523753	0.031960378601537026
所	11	0.018302828618968387	1.6989700043360187	0.031095956818130127
入園	6	0.009983361064891847	3.0	0.029950083194675542
円	8	0.013311148086522463	2.154901959985743	0.02868421910130773
無料	6	0.009983361064891847	2.5228787452803374	0.025186809437074915
料	6	0.009983361064891847	2.3979400086720375	0.023939500918522837
通行	5	0.008319467554076539	2.5228787452803374	0.020989007864229095
観光	6	0.009983361064891847	2.0969100130080562	0.020934209780446484
月	11	0.018302828618968387	1.1307682802690238	0.020696258041529553
展望	5	0.008319467554076539	2.3979400086720375	0.01994958409876903
集落	4	0.0066555740432612314	2.6989700043360187	0.01796319470439946
朝日新聞	4	0.0066555740432612314	2.6989700043360187	0.01796319470439946
グループ	5	0.008319467554076539	2.154901959985743	0.01792763693831733
公園	5	0.008319467554076539	2.154901959985743	0.01792763693831733
県	7	0.011647254575707155	1.431798275933005	0.01667651902085031
先	4	0.0066555740432612314	2.3979400086720375	0.015959667279015224
日	8	0.013311148086522463	1.1804560644581312	0.01571322548363569
道	5	0.008319467554076539	1.8860566476931633	0.015690987085633636
台	5	0.008319467554076539	1.8860566476931633	0.015690987085633636
徴収	3	0.004991680532445923	3.0	0.014975041597337771
田尻	3	0.004991680532445923	3.0	0.014975041597337771
佐多	3	0.004991680532445923	3.0	0.014975041597337771
途中	4	0.0066555740432612314	2.221848749616356	0.014787678865999044
線	5	0.008319467554076539	1.6989700043360187	0.014134525826422785
編集	8	0.013311148086522463	1.0177287669604316	0.013547138328924214
駐車	3	0.004991680532445923	2.6989700043360187	0.013472396028299595
号	5	0.008319467554076539	1.5228787452803376	0.012669540310152558
休止	3	0.004991680532445923	2.5228787452803374	0.012593404718537458
面	4	0.0066555740432612314	1.8239087409443187	0.01213915967350628
開通	3	0.004991680532445923	2.3979400086720375	0.011969750459261418
万	4	0.0066555740432612314	1.7695510786217261	0.011777378227099676
版	4	0.0066555740432612314	1.7212463990471711	0.011455882855555216
場	4	0.0066555740432612314	1.6989700043360187	0.011307620661138228
必要	4	0.0066555740432612314	1.638272163982407	0.010903641690398716
付近	3	0.004991680532445923	2.045757490560675	0.010211767839737144
自動車	3	0.004991680532445923	2.0	0.009983361064891847
車線	2	0.0033277870216306157	3.0	0.009983361064891847
大泊	2	0.0033277870216306157	3.0	0.009983361064891847
投資	2	0.0033277870216306157	3.0	0.009983361064891847
遊歩道	2	0.0033277870216306157	3.0	0.009983361064891847
年間	3	0.004991680532445923	1.958607314841775	0.009776742004201873
側	3	0.004991680532445923	1.8860566476931633	0.009414592251380183
頃	3	0.004991680532445923	1.8239087409443187	0.00910436975512971
今後	2	0.0033277870216306157	2.6989700043360187	0.00898159735219973
株式会社	2	0.0033277870216306157	2.6989700043360187	0.00898159735219973
移管	2	0.0033277870216306157	2.6989700043360187	0.00898159735219973
ここ	3	0.004991680532445923	1.7958800173440752	0.008964459321185067
運輸	2	0.0033277870216306157	2.5228787452803374	0.008395603145691639
新聞	2	0.0033277870216306157	2.5228787452803374	0.008395603145691639
譲渡	2	0.0033277870216306157	2.5228787452803374	0.008395603145691639
終点	2	0.0033277870216306157	2.5228787452803374	0.008395603145691639
申請	2	0.0033277870216306157	2.5228787452803374	0.008395603145691639
大人	2	0.0033277870216306157	2.3979400086720375	0.007979833639507612
開放	2	0.0033277870216306157	2.3979400086720375	0.007979833639507612
歴史	3	0.004991680532445923	1.5686362358410126	0.007830130960936835
地	3	0.004991680532445923	1.537602002101044	0.007675217980537657
その後	3	0.004991680532445923	1.537602002101044	0.007675217980537657
発着	2	0.0033277870216306157	2.3010299956639813	0.007657337755953349
トンネル	2	0.0033277870216306157	2.3010299956639813	0.007657337755953349
区間	2	0.0033277870216306157	2.3010299956639813	0.007657337755953349
地元	2	0.0033277870216306157	2.221848749616356	0.007393839432999522
徒歩	2	0.0033277870216306157	2.221848749616356	0.007393839432999522
九州	2	0.0033277870216306157	2.221848749616356	0.007393839432999522
減少	2	0.0033277870216306157	2.154901959985743	0.0071710547753269325
車	2	0.0033277870216306157	2.0969100130080562	0.006978069926815495
建設	2	0.0033277870216306157	2.045757490560675	0.0068078452264914305
写真	2	0.0033277870216306157	2.045757490560675	0.0068078452264914305
状態	2	0.0033277870216306157	2.045757490560675	0.0068078452264914305
子供	2	0.0033277870216306157	2.0	0.0066555740432612314
開発	2	0.0033277870216306157	2.0	0.0066555740432612314
管理	2	0.0033277870216306157	1.958607314841775	0.006517828002801249
人	3	0.004991680532445923	1.2596373105057561	0.006287707040794123
以上	2	0.0033277870216306157	1.8860566476931633	0.006276394834253456
生活	2	0.0033277870216306157	1.853871964321762	0.006169291062634815
その他	2	0.0033277870216306157	1.7695510786217261	0.005888689113549838
施設	2	0.0033277870216306157	1.7212463990471711	0.005727941427777608
局	2	0.0033277870216306157	1.7212463990471711	0.005727941427777608
文献	2	0.0033277870216306157	1.6989700043360187	0.005653810330569114
可能	2	0.0033277870216306157	1.6989700043360187	0.005653810330569114
参考	2	0.0033277870216306157	1.6777807052660807	0.005583296856126725
一覧	2	0.0033277870216306157	1.6575773191777938	0.005516064290109131
概要	2	0.0033277870216306157	1.638272163982407	0.005451820845199358
一部	2	0.0033277870216306157	1.638272163982407	0.005451820845199358
内	2	0.0033277870216306157	1.619788758288394	0.005390312007615288
利用	2	0.0033277870216306157	1.6020599913279625	0.005331314447014851
脚注	2	0.0033277870216306157	1.6020599913279625	0.005331314447014851
時間	2	0.0033277870216306157	1.585026652029182	0.005274631121561338
化	2	0.0033277870216306157	1.537602002101044	0.005116811987025105
いわさき	1	0.0016638935108153079	3.0	0.004991680532445923
無償	1	0.0016638935108153079	3.0	0.004991680532445923
委譲	1	0.0016638935108153079	3.0	0.004991680532445923
会合	1	0.0016638935108153079	3.0	0.004991680532445923
レストハウス	1	0.0016638935108153079	3.0	0.004991680532445923
水洗トイレ	1	0.0016638935108153079	3.0	0.004991680532445923
当面	1	0.0016638935108153079	3.0	0.004991680532445923
休業	1	0.0016638935108153079	3.0	0.004991680532445923
多額	1	0.0016638935108153079	3.0	0.004991680532445923
補修	1	0.0016638935108153079	3.0	0.004991680532445923
善後	1	0.0016638935108153079	3.0	0.004991680532445923
渕上	1	0.0016638935108153079	3.0	0.004991680532445923
海水浴	1	0.0016638935108153079	3.0	0.004991680532445923
変動	1	0.0016638935108153079	3.0	0.004991680532445923
最南端	1	0.0016638935108153079	3.0	0.004991680532445923
開園	1	0.0016638935108153079	3.0	0.004991680532445923
ギャラリー	1	0.0016638935108153079	3.0	0.004991680532445923
到着	1	0.0016638935108153079	3.0	0.004991680532445923
千尋	1	0.0016638935108153079	3.0	0.004991680532445923
野田	1	0.0016638935108153079	3.0	0.004991680532445923
路面	1	0.0016638935108153079	3.0	0.004991680532445923
連休	1	0.0016638935108153079	3.0	0.004991680532445923
税込	1	0.0016638935108153079	3.0	0.004991680532445923
私有	1	0.0016638935108153079	3.0	0.004991680532445923
工費	1	0.0016638935108153079	3.0	0.004991680532445923
御崎	1	0.0016638935108153079	3.0	0.004991680532445923
鹿屋	1	0.0016638935108153079	3.0	0.004991680532445923
対向	1	0.0016638935108153079	3.0	0.004991680532445923
みさき	1	0.0016638935108153079	3.0	0.004991680532445923
歳月	1	0.0016638935108153079	3.0	0.004991680532445923
吾平	1	0.0016638935108153079	3.0	0.004991680532445923
使用	2	0.0033277870216306157	1.4685210829577449	0.00488692540085772
一帯	1	0.0016638935108153079	2.6989700043360187	0.004490798676099865
ホームページ	1	0.0016638935108153079	2.6989700043360187	0.004490798676099865
標識	1	0.0016638935108153079	2.6989700043360187	0.004490798676099865
中学生	1	0.0016638935108153079	2.6989700043360187	0.004490798676099865
幼児	1	0.0016638935108153079	2.6989700043360187	0.004490798676099865
フォト	1	0.0016638935108153079	2.6989700043360187	0.004490798676099865
検討	1	0.0016638935108153079	2.6989700043360187	0.004490798676099865
県道	1	0.0016638935108153079	2.6989700043360187	0.004490798676099865
印刷	1	0.0016638935108153079	2.6989700043360187	0.004490798676099865
経費	1	0.0016638935108153079	2.6989700043360187	0.004490798676099865
意向	1	0.0016638935108153079	2.6989700043360187	0.004490798676099865
維持	1	0.0016638935108153079	2.6989700043360187	0.004490798676099865
支所	1	0.0016638935108153079	2.6989700043360187	0.004490798676099865
証明	1	0.0016638935108153079	2.6989700043360187	0.004490798676099865
左側	1	0.0016638935108153079	2.6989700043360187	0.004490798676099865
策	1	0.0016638935108153079	2.6989700043360187	0.004490798676099865
平方メートル	1	0.0016638935108153079	2.6989700043360187	0.004490798676099865
観点	1	0.0016638935108153079	2.6989700043360187	0.004490798676099865
本土	1	0.0016638935108153079	2.6989700043360187	0.004490798676099865
錦江湾	1	0.0016638935108153079	2.6989700043360187	0.004490798676099865
共有	1	0.0016638935108153079	2.6989700043360187	0.004490798676099865
許可	1	0.0016638935108153079	2.6989700043360187	0.004490798676099865
売店	1	0.0016638935108153079	2.6989700043360187	0.004490798676099865
可	1	0.0016638935108153079	2.6989700043360187	0.004490798676099865
現在	2	0.0033277870216306157	1.3467874862246563	0.0044818219175529325
外部	2	0.0033277870216306157	1.3098039199714864	0.004358748485762018
リンク	2	0.0033277870216306157	1.2839966563652008	0.00427286740886922
記	1	0.0016638935108153079	2.5228787452803374	0.0041978015728458195
合流	1	0.0016638935108153079	2.5228787452803374	0.0041978015728458195
振興	1	0.0016638935108153079	2.5228787452803374	0.0041978015728458195
季節	1	0.0016638935108153079	2.5228787452803374	0.0041978015728458195
並行	1	0.0016638935108153079	2.5228787452803374	0.0041978015728458195
合計	1	0.0016638935108153079	2.5228787452803374	0.0041978015728458195
方針	1	0.0016638935108153079	2.5228787452803374	0.0041978015728458195
待機	1	0.0016638935108153079	2.5228787452803374	0.0041978015728458195
町長	1	0.0016638935108153079	2.5228787452803374	0.0041978015728458195
要請	1	0.0016638935108153079	2.5228787452803374	0.0041978015728458195
入手	1	0.0016638935108153079	2.5228787452803374	0.0041978015728458195
有料	1	0.0016638935108153079	2.5228787452803374	0.0041978015728458195
土地	1	0.0016638935108153079	2.5228787452803374	0.0041978015728458195
役割	1	0.0016638935108153079	2.3979400086720375	0.003989916819753806
往復	1	0.0016638935108153079	2.3979400086720375	0.003989916819753806
経路	1	0.0016638935108153079	2.3979400086720375	0.003989916819753806
起点	1	0.0016638935108153079	2.3979400086720375	0.003989916819753806
メートル	1	0.0016638935108153079	2.3979400086720375	0.003989916819753806
訪問	1	0.0016638935108153079	2.3979400086720375	0.003989916819753806
協議	1	0.0016638935108153079	2.3979400086720375	0.003989916819753806
ヘルプ	1	0.0016638935108153079	2.3979400086720375	0.003989916819753806
運営	1	0.0016638935108153079	2.3979400086720375	0.003989916819753806
小学	1	0.0016638935108153079	2.3979400086720375	0.003989916819753806
放棄	1	0.0016638935108153079	2.3979400086720375	0.003989916819753806
改善	1	0.0016638935108153079	2.3979400086720375	0.003989916819753806
小学生	1	0.0016638935108153079	2.3979400086720375	0.003989916819753806
窓口	1	0.0016638935108153079	2.3979400086720375	0.003989916819753806
日本	2	0.0033277870216306157	1.1870866433571445	0.003950371525314957
提出	1	0.0016638935108153079	2.3010299956639813	0.0038286688779766744
行政	1	0.0016638935108153079	2.3010299956639813	0.0038286688779766744
崩壊	1	0.0016638935108153079	2.3010299956639813	0.0038286688779766744
有	1	0.0016638935108153079	2.3010299956639813	0.0038286688779766744
継続	1	0.0016638935108153079	2.3010299956639813	0.0038286688779766744
作業	1	0.0016638935108153079	2.3010299956639813	0.0038286688779766744
ピーク	1	0.0016638935108153079	2.3010299956639813	0.0038286688779766744
項目	2	0.0033277870216306157	1.1426675035687315	0.00380255408841508
関連	2	0.0033277870216306157	1.1191864077192086	0.0037244140023933734
船	1	0.0016638935108153079	2.221848749616356	0.003696919716499761
規制	1	0.0016638935108153079	2.221848749616356	0.003696919716499761
億	1	0.0016638935108153079	2.221848749616356	0.003696919716499761
通過	1	0.0016638935108153079	2.221848749616356	0.003696919716499761
交換	1	0.0016638935108153079	2.221848749616356	0.003696919716499761
さまざま	1	0.0016638935108153079	2.221848749616356	0.003696919716499761
展開	1	0.0016638935108153079	2.221848749616356	0.003696919716499761
取得	1	0.0016638935108153079	2.154901959985743	0.0035855273876634662
発行	1	0.0016638935108153079	2.154901959985743	0.0035855273876634662
神社	1	0.0016638935108153079	2.154901959985743	0.0035855273876634662
北緯	1	0.0016638935108153079	2.154901959985743	0.0035855273876634662
紹介	1	0.0016638935108153079	2.0969100130080562	0.0034890349634077475
全長	1	0.0016638935108153079	2.0969100130080562	0.0034890349634077475
普通	1	0.0016638935108153079	2.0969100130080562	0.0034890349634077475
国立	1	0.0016638935108153079	2.0969100130080562	0.0034890349634077475
整備	1	0.0016638935108153079	2.0969100130080562	0.0034890349634077475
提供	1	0.0016638935108153079	2.0969100130080562	0.0034890349634077475
量	1	0.0016638935108153079	2.045757490560675	0.0034039226132457153
移動	2	0.0033277870216306157	1.0	0.0033277870216306157
計画	1	0.0016638935108153079	2.0	0.0033277870216306157
時期	1	0.0016638935108153079	2.0	0.0033277870216306157
周辺	1	0.0016638935108153079	1.958607314841775	0.0032589140014006243
営業	1	0.0016638935108153079	1.9208187539523753	0.0031960378601537027
うち	1	0.0016638935108153079	1.9208187539523753	0.0031960378601537027
書	1	0.0016638935108153079	1.9208187539523753	0.0031960378601537027
事業	1	0.0016638935108153079	1.8860566476931633	0.003138197417126728
廃止	1	0.0016638935108153079	1.8860566476931633	0.003138197417126728
目的	1	0.0016638935108153079	1.853871964321762	0.0030846455313174076
平成	1	0.0016638935108153079	1.853871964321762	0.0030846455313174076
問題	1	0.0016638935108153079	1.8239087409443187	0.00303478991837657
本	1	0.0016638935108153079	1.7958800173440752	0.0029881531070616893
地方	1	0.0016638935108153079	1.7695510786217261	0.002944344556774919
中心	1	0.0016638935108153079	1.7695510786217261	0.002944344556774919
一般	1	0.0016638935108153079	1.7212463990471711	0.002863970713888804
度	1	0.0016638935108153079	1.7212463990471711	0.002863970713888804
ほか	1	0.0016638935108153079	1.7212463990471711	0.002863970713888804
年生	1	0.0016638935108153079	1.6989700043360187	0.002826905165284557
昭和	1	0.0016638935108153079	1.6777807052660807	0.0027916484280633624
当時	1	0.0016638935108153079	1.6575773191777938	0.0027580321450545657
存在	1	0.0016638935108153079	1.5686362358410126	0.002610043653645612
場合	1	0.0016638935108153079	1.5528419686577808	0.002583763674971349
等	1	0.0016638935108153079	1.5086383061657274	0.0025102134877965513
二	1	0.0016638935108153079	1.4814860601221125	0.00246503504180052
協力	1	0.0016638935108153079	1.4436974992327127	0.0024021589005535984
これ	1	0.0016638935108153079	1.408935392973501	0.002344318457526624
よう	1	0.0016638935108153079	1.3767507096020997	0.0022907665717173038
中	1	0.0016638935108153079	1.3665315444204136	0.002273762969085547
もの	1	0.0016638935108153079	1.3279021420642825	0.0022094877571785065
ため	1	0.0016638935108153079	1.2291479883578558	0.002045171361660326
者	1	0.0016638935108153079	1.1870866433571445	0.0019751857626574784
表示	1	0.0016638935108153079	1.1426675035687315	0.00190127704420754
目次	1	0.0016638935108153079	1.1426675035687315	0.00190127704420754
作成	1	0.0016638935108153079	1.00436480540245	0.0016711560822004162
カテゴリ	1	0.0016638935108153079	1.00436480540245	0.0016711560822004162
事典	1	0.0016638935108153079	1.0	0.0016638935108153079
フリー	1	0.0016638935108153079	1.0	0.0016638935108153079
出典	1	0.0016638935108153079	1.0	0.0016638935108153079
百科	1	0.0016638935108153079	1.0	0.0016638935108153079
検索	1	0.0016638935108153079	1.0	0.0016638935108153079
