#語	出現回数	TF	IDF	TF-IDF	
スペイン	9	0.045454545454545456	2.3010299956639813	0.10459227253018097
選手	9	0.045454545454545456	2.045757490560675	0.09298897684366704
サッカー	7	0.03535353535353535	2.3010299956639813	0.08134954530125187
ミゲル	4	0.020202020202020204	3.0	0.06060606060606061
ワールドカップ	4	0.020202020202020204	3.0	0.06060606060606061
レ	4	0.020202020202020204	3.0	0.06060606060606061
アル	4	0.020202020202020204	2.6989700043360187	0.05452464655224281
マドリード	4	0.020202020202020204	2.6989700043360187	0.05452464655224281
代表	5	0.025252525252525252	2.0	0.050505050505050504
出場	4	0.020202020202020204	2.3010299956639813	0.04648545445785821
年	6	0.030303030303030304	1.0409586076789064	0.031544200232694136
サリナス	2	0.010101010101010102	3.0	0.030303030303030304
所属	3	0.015151515151515152	1.8239087409443187	0.027634980923398767
杯	2	0.010101010101010102	2.6989700043360187	0.027262323276121405
プレー	2	0.010101010101010102	2.5228787452803374	0.02548362368970038
スタイル	2	0.010101010101010102	2.5228787452803374	0.02548362368970038
ポジション	2	0.010101010101010102	2.5228787452803374	0.02548362368970038
クラブ	2	0.010101010101010102	2.3010299956639813	0.023242727228929106
表示	4	0.020202020202020204	1.1426675035687315	0.023084191991287507
月	4	0.020202020202020204	1.1307682802690238	0.02284380364179846
リーグ	2	0.010101010101010102	2.221848749616356	0.022442916662791478
監督	2	0.010101010101010102	2.0969100130080562	0.0211809092223036
タイトル	2	0.010101010101010102	2.045757490560675	0.020664217076370454
編集	4	0.020202020202020204	1.0177287669604316	0.02056017711031175
経歴	2	0.010101010101010102	2.0	0.020202020202020204
日	3	0.015151515151515152	1.1804560644581312	0.01788569794633532
項目	3	0.015151515151515152	1.1426675035687315	0.01731314399346563
情報	2	0.010101010101010102	1.638272163982407	0.01654820367658997
加筆	2	0.010101010101010102	1.5086383061657274	0.015238770769350783
訂正	2	0.010101010101010102	1.5086383061657274	0.015238770769350783
出典	3	0.015151515151515152	1.0	0.015151515151515152
チャンピオンズ	1	0.005050505050505051	3.0	0.015151515151515152
チャンス	1	0.005050505050505051	3.0	0.015151515151515152
サイドバック	1	0.005050505050505051	3.0	0.015151515151515152
ディエゴ	1	0.005050505050505051	3.0	0.015151515151515152
快足	1	0.005050505050505051	3.0	0.015151515151515152
フリオ	1	0.005050505050505051	3.0	0.015151515151515152
ロベルト	1	0.005050505050505051	3.0	0.015151515151515152
下部	1	0.005050505050505051	3.0	0.015151515151515152
メキシコ	1	0.005050505050505051	3.0	0.015151515151515152
バスケス	1	0.005050505050505051	3.0	0.015151515151515152
一筋	1	0.005050505050505051	3.0	0.015151515151515152
バルセロナ	1	0.005050505050505051	3.0	0.015151515151515152
シスコ	1	0.005050505050505051	3.0	0.015151515151515152
ビクトル	1	0.005050505050505051	3.0	0.015151515151515152
マラドーナ	1	0.005050505050505051	3.0	0.015151515151515152
セニョール	1	0.005050505050505051	3.0	0.015151515151515152
一員	1	0.005050505050505051	3.0	0.015151515151515152
記事	2	0.010101010101010102	1.4685210829577449	0.014833546292502475
協力	2	0.010101010101010102	1.4436974992327127	0.014582803022552654
話	2	0.010101010101010102	1.3565473235138126	0.013702498217311239
フラン	1	0.005050505050505051	2.6989700043360187	0.013631161638060703
パス	1	0.005050505050505051	2.6989700043360187	0.013631161638060703
守備	1	0.005050505050505051	2.6989700043360187	0.013631161638060703
サイド	1	0.005050505050505051	2.6989700043360187	0.013631161638060703
連覇	1	0.005050505050505051	2.6989700043360187	0.013631161638060703
アルベルト	1	0.005050505050505051	2.6989700043360187	0.013631161638060703
表	2	0.010101010101010102	1.3467874862246563	0.013603914002269256
・	2	0.010101010101010102	1.337242168318426	0.01350749664968107
編	2	0.010101010101010102	1.3279021420642825	0.013413152950144268
現役	1	0.005050505050505051	2.5228787452803374	0.01274181184485019
リング	1	0.005050505050505051	2.5228787452803374	0.01274181184485019
カップ	1	0.005050505050505051	2.5228787452803374	0.01274181184485019
ラテン	1	0.005050505050505051	2.3979400086720375	0.012110808124606251
マーク	1	0.005050505050505051	2.3979400086720375	0.012110808124606251
貢献	1	0.005050505050505051	2.3979400086720375	0.012110808124606251
者	2	0.010101010101010102	1.1870866433571445	0.011990774175324693
イタリア	1	0.005050505050505051	2.3010299956639813	0.011621363614464553
身長	1	0.005050505050505051	2.3010299956639813	0.011621363614464553
仕事	1	0.005050505050505051	2.3010299956639813	0.011621363614464553
本名	1	0.005050505050505051	2.3010299956639813	0.011621363614464553
生年月日	1	0.005050505050505051	2.3010299956639813	0.011621363614464553
国籍	1	0.005050505050505051	2.3010299956639813	0.011621363614464553
関連	2	0.010101010101010102	1.1191864077192086	0.011304913209284936
文字	1	0.005050505050505051	2.221848749616356	0.011221458331395739
体重	1	0.005050505050505051	2.221848749616356	0.011221458331395739
大会	1	0.005050505050505051	2.221848749616356	0.011221458331395739
ノート	1	0.005050505050505051	2.154901959985743	0.010883343232251229
女子	1	0.005050505050505051	2.154901959985743	0.010883343232251229
解説	1	0.005050505050505051	2.154901959985743	0.010883343232251229
攻撃	1	0.005050505050505051	2.154901959985743	0.010883343232251229
ヨーロッパ	1	0.005050505050505051	2.154901959985743	0.010883343232251229
カバー	1	0.005050505050505051	2.154901959985743	0.010883343232251229
シーズン	1	0.005050505050505051	2.154901959985743	0.010883343232251229
右	1	0.005050505050505051	2.154901959985743	0.010883343232251229
重要	1	0.005050505050505051	2.0969100130080562	0.0105904546111518
デビュー	1	0.005050505050505051	2.0969100130080562	0.0105904546111518
存命	1	0.005050505050505051	2.045757490560675	0.010332108538185227
テンプレート	1	0.005050505050505051	2.045757490560675	0.010332108538185227
組織	1	0.005050505050505051	2.045757490560675	0.010332108538185227
彼	1	0.005050505050505051	1.9208187539523753	0.00970110481794129
基本	1	0.005050505050505051	1.8860566476931633	0.009525538624712946
参加	1	0.005050505050505051	1.853871964321762	0.00936298971879678
戦	1	0.005050505050505051	1.853871964321762	0.00936298971879678
名前	1	0.005050505050505051	1.8239087409443187	0.00921166030779959
歳	1	0.005050505050505051	1.7958800173440752	0.00907010109769735
年生	1	0.005050505050505051	1.6989700043360187	0.00858065658755565
出身	1	0.005050505050505051	1.6575773191777938	0.00837160262211007
必要	1	0.005050505050505051	1.638272163982407	0.008274101838294984
地	1	0.005050505050505051	1.537602002101044	0.007765666677278
歴	1	0.005050505050505051	1.5086383061657274	0.007619385384675392
人物	1	0.005050505050505051	1.5086383061657274	0.007619385384675392
時代	1	0.005050505050505051	1.408935392973501	0.007115835318047985
目次	1	0.005050505050505051	1.1426675035687315	0.005771047997821877
作成	1	0.005050505050505051	1.00436480540245	0.005072549522234597
カテゴリ	1	0.005050505050505051	1.00436480540245	0.005072549522234597
百科	1	0.005050505050505051	1.0	0.005050505050505051
移動	1	0.005050505050505051	1.0	0.005050505050505051
事典	1	0.005050505050505051	1.0	0.005050505050505051
フリー	1	0.005050505050505051	1.0	0.005050505050505051
検索	1	0.005050505050505051	1.0	0.005050505050505051
