#語	出現回数	TF	IDF	TF-IDF	
電池	17	0.0821256038647343	3.0	0.2463768115942029
ガム	7	0.033816425120772944	3.0	0.10144927536231883
サイズ	7	0.033816425120772944	2.6989700043360187	0.09126951705484121
乾電池	6	0.028985507246376812	3.0	0.08695652173913043
ソニー	5	0.024154589371980676	3.0	0.07246376811594203
型	8	0.03864734299516908	1.744727494896694	0.06742908192837464
ニッケル	5	0.024154589371980676	2.6989700043360187	0.06519251218202944
採用	5	0.024154589371980676	2.0969100130080562	0.050650000314204253
メーカー	4	0.01932367149758454	2.3010299956639813	0.044464347742299154
カドミウム	3	0.014492753623188406	3.0	0.043478260869565216
蓄電池	3	0.014492753623188406	3.0	0.043478260869565216
本体	3	0.014492753623188406	2.6989700043360187	0.039115507309217666
開発	4	0.01932367149758454	2.0	0.03864734299516908
発売	4	0.01932367149758454	1.958607314841775	0.037847484344768596
さ	4	0.01932367149758454	1.7212463990471711	0.033260799981587846
次	4	0.01932367149758454	1.6575773191777938	0.03203047959763853
ポータブル	2	0.00966183574879227	3.0	0.02898550724637681
携帯	2	0.00966183574879227	3.0	0.02898550724637681
プレーヤー	2	0.00966183574879227	3.0	0.02898550724637681
充電	2	0.00966183574879227	3.0	0.02898550724637681
制約	2	0.00966183574879227	3.0	0.02898550724637681
ランニング	2	0.00966183574879227	3.0	0.02898550724637681
欠点	2	0.00966183574879227	3.0	0.02898550724637681
仕様	2	0.00966183574879227	2.6989700043360187	0.026077004872811775
主流	2	0.00966183574879227	2.5228787452803374	0.024375640051017753
コスト	2	0.00966183574879227	2.5228787452803374	0.024375640051017753
容量	2	0.00966183574879227	2.3979400086720375	0.023168502499246738
小型	2	0.00966183574879227	2.3979400086720375	0.023168502499246738
池	2	0.00966183574879227	2.3010299956639813	0.022232173871149577
水素	2	0.00966183574879227	2.3010299956639813	0.022232173871149577
二	3	0.014492753623188406	1.4814860601221125	0.02147081246553786
減少	2	0.00966183574879227	2.154901959985743	0.020820308792132782
以降	2	0.00966183574879227	1.744727494896694	0.01685727048209366
主	2	0.00966183574879227	1.6020599913279625	0.015478840495922342
編集	3	0.014492753623188406	1.0177287669604316	0.014749692274788864
ワイヤレス	1	0.004830917874396135	3.0	0.014492753623188404
内蔵	1	0.004830917874396135	3.0	0.014492753623188404
付け	1	0.004830917874396135	3.0	0.014492753623188404
互換	1	0.004830917874396135	3.0	0.014492753623188404
ばらつき	1	0.004830917874396135	3.0	0.014492753623188404
シャープ	1	0.004830917874396135	3.0	0.014492753623188404
円筒	1	0.004830917874396135	3.0	0.014492753623188404
奥行	1	0.004830917874396135	3.0	0.014492753623188404
殆ど	1	0.004830917874396135	3.0	0.014492753623188404
軽減	1	0.004830917874396135	3.0	0.014492753623188404
レシーバー	1	0.004830917874396135	3.0	0.014492753623188404
パナソニック	1	0.004830917874396135	3.0	0.014492753623188404
ステレオ	1	0.004830917874396135	3.0	0.014492753623188404
電源	1	0.004830917874396135	3.0	0.014492753623188404
ウォーク	1	0.004830917874396135	3.0	0.014492753623188404
使用	2	0.00966183574879227	1.4685210829577449	0.014188609497176279
厚み	1	0.004830917874396135	2.6989700043360187	0.013038502436405888
再生	1	0.004830917874396135	2.6989700043360187	0.013038502436405888
オーディオ	1	0.004830917874396135	2.6989700043360187	0.013038502436405888
ゆえ	1	0.004830917874396135	2.6989700043360187	0.013038502436405888
リチウム	1	0.004830917874396135	2.6989700043360187	0.013038502436405888
ケース	1	0.004830917874396135	2.5228787452803374	0.012187820025508877
縦	1	0.004830917874396135	2.5228787452803374	0.012187820025508877
入手	1	0.004830917874396135	2.5228787452803374	0.012187820025508877
各社	1	0.004830917874396135	2.5228787452803374	0.012187820025508877
短縮	1	0.004830917874396135	2.5228787452803374	0.012187820025508877
ため	2	0.00966183574879227	1.2291479883578558	0.011875825974472036
幅	1	0.004830917874396135	2.3979400086720375	0.011584251249623369
イオン	1	0.004830917874396135	2.3979400086720375	0.011584251249623369
ごと	1	0.004830917874396135	2.3979400086720375	0.011584251249623369
外	1	0.004830917874396135	2.221848749616356	0.010733568838726358
一種	1	0.004830917874396135	2.221848749616356	0.010733568838726358
モデル	1	0.004830917874396135	2.221848749616356	0.010733568838726358
方向	1	0.004830917874396135	2.154901959985743	0.010410154396066391
方式	1	0.004830917874396135	2.154901959985743	0.010410154396066391
規格	1	0.004830917874396135	2.154901959985743	0.010410154396066391
マン	1	0.004830917874396135	2.154901959985743	0.010410154396066391
通常	1	0.004830917874396135	2.0969100130080562	0.01013000006284085
対応	1	0.004830917874396135	2.0969100130080562	0.01013000006284085
困難	1	0.004830917874396135	2.0969100130080562	0.01013000006284085
年	2	0.00966183574879227	1.0409586076789064	0.010057571088685085
近年	1	0.004830917874396135	2.0	0.00966183574879227
製	1	0.004830917874396135	2.0	0.00966183574879227
当初	1	0.004830917874396135	1.958607314841775	0.009461871086192149
用	1	0.004830917874396135	1.9208187539523753	0.009279317651943841
為	1	0.004830917874396135	1.9208187539523753	0.009279317651943841
音楽	1	0.004830917874396135	1.9208187539523753	0.009279317651943841
多数	1	0.004830917874396135	1.853871964321762	0.008955903209283874
問題	1	0.004830917874396135	1.8239087409443187	0.008811153337895259
多く	1	0.004830917874396135	1.7958800173440752	0.008675748876058334
当時	1	0.004830917874396135	1.6575773191777938	0.008007619899409632
年代	1	0.004830917874396135	1.6575773191777938	0.008007619899409632
概要	1	0.004830917874396135	1.638272163982407	0.007914358280108245
一部	1	0.004830917874396135	1.638272163982407	0.007914358280108245
利用	1	0.004830917874396135	1.6020599913279625	0.007739420247961171
関係	1	0.004830917874396135	1.585026652029182	0.007657133584682038
時間	1	0.004830917874396135	1.585026652029182	0.007657133584682038
存在	1	0.004830917874396135	1.5686362358410126	0.007577952830149819
その後	1	0.004830917874396135	1.537602002101044	0.007428028995657217
性	1	0.004830917874396135	1.5228787452803376	0.0073569021511127415
これ	1	0.004830917874396135	1.408935392973501	0.006806451173785028
の	1	0.004830917874396135	1.3767507096020997	0.006650969611604346
一	1	0.004830917874396135	1.3665315444204136	0.006601601663866732
現在	1	0.004830917874396135	1.3467874862246563	0.0065062197402157304
もの	1	0.004830917874396135	1.3279021420642825	0.006414986193547258
項目	1	0.004830917874396135	1.1426675035687315	0.005520132867481794
関連	1	0.004830917874396135	1.1191864077192086	0.005406697621831926
作成	1	0.004830917874396135	1.00436480540245	0.004852003890833092
カテゴリ	1	0.004830917874396135	1.00436480540245	0.004852003890833092
百科	1	0.004830917874396135	1.0	0.004830917874396135
移動	1	0.004830917874396135	1.0	0.004830917874396135
事典	1	0.004830917874396135	1.0	0.004830917874396135
フリー	1	0.004830917874396135	1.0	0.004830917874396135
検索	1	0.004830917874396135	1.0	0.004830917874396135
出典	1	0.004830917874396135	1.0	0.004830917874396135
