#語	出現回数	TF	IDF	TF-IDF	
町	24	0.0486815415821501	1.7958800173440752	0.08742620774088804
バス	20	0.04056795131845842	1.853871964321762	0.07520778759926013
五所川原	11	0.02231237322515213	3.0	0.06693711967545639
新宮	10	0.02028397565922921	2.6989700043360187	0.054745841872941556
前	16	0.032454361054766734	1.585026652029182	0.05144102724638319
松島	9	0.018255578093306288	2.6989700043360187	0.0492712576856474
エルム	8	0.016227180527383367	3.0	0.0486815415821501
団地	8	0.016227180527383367	2.6989700043360187	0.04379667349835324
街	10	0.02028397565922921	2.154901959985743	0.043709978904376126
西口	6	0.012170385395537525	3.0	0.036511156186612576
みどり	7	0.014198782961460446	2.3979400086720375	0.03404782973773684
コース	7	0.014198782961460446	2.3010299956639813	0.03267182549624314
運行	7	0.014198782961460446	2.221848749616356	0.03154754816899492
弘	5	0.010141987829614604	3.0	0.030425963488843813
所	8	0.016227180527383367	1.6989700043360187	0.02756949297096988
運賃	5	0.010141987829614604	2.6989700043360187	0.027372920936470778
円	6	0.012170385395537525	2.154901959985743	0.026225987342625677
循環	5	0.010141987829614604	2.5228787452803374	0.025587005530226546
若葉	4	0.008113590263691683	3.0	0.02434077079107505
旭	4	0.008113590263691683	3.0	0.02434077079107505
編集	11	0.02231237322515213	1.0177287669604316	0.022707944090395026
丁目	5	0.010141987829614604	2.221848749616356	0.02253396297785351
券	4	0.008113590263691683	2.6989700043360187	0.02189833674917662
みち	4	0.008113590263691683	2.6989700043360187	0.02189833674917662
乗降	4	0.008113590263691683	2.6989700043360187	0.02189833674917662
谷	5	0.010141987829614604	2.154901959985743	0.021854989452188063
銀	4	0.008113590263691683	2.5228787452803374	0.020469604424181238
南	5	0.010141987829614604	1.9208187539523753	0.01948092042548048
入口	4	0.008113590263691683	2.3010299956639813	0.018669614569281796
市営	4	0.008113590263691683	2.3010299956639813	0.018669614569281796
号	6	0.012170385395537525	1.5228787452803376	0.018534021240734333
八重菊	3	0.006085192697768763	3.0	0.018255578093306288
西北	3	0.006085192697768763	3.0	0.018255578093306288
横浜	3	0.006085192697768763	3.0	0.018255578093306288
方式	4	0.008113590263691683	2.154901959985743	0.01748399156175045
商店	3	0.006085192697768763	2.6989700043360187	0.016423752561882467
所要	3	0.006085192697768763	2.6989700043360187	0.016423752561882467
住	3	0.006085192697768763	2.6989700043360187	0.016423752561882467
営業	4	0.008113590263691683	1.9208187539523753	0.015584736340384384
市	5	0.010141987829614604	1.5228787452803376	0.015445017700611944
商工	3	0.006085192697768763	2.5228787452803374	0.015352203318135927
本町	3	0.006085192697768763	2.5228787452803374	0.015352203318135927
寄	3	0.006085192697768763	2.5228787452803374	0.015352203318135927
会議	3	0.006085192697768763	2.3979400086720375	0.014591927030458645
車内	3	0.006085192697768763	2.3979400086720375	0.014591927030458645
車両	3	0.006085192697768763	2.3010299956639813	0.014002210926961346
区間	3	0.006085192697768763	2.3010299956639813	0.014002210926961346
一	5	0.010141987829614604	1.3665315444204136	0.013859346292296284
八	3	0.006085192697768763	2.221848749616356	0.013520377786712107
専用	3	0.006085192697768763	2.0969100130080562	0.012760101499034825
間	4	0.008113590263691683	1.5686362358410126	0.012727271690393612
病院	3	0.006085192697768763	2.045757490560675	0.012448828542965567
田町	2	0.004056795131845842	3.0	0.012170385395537525
広田	2	0.004056795131845842	3.0	0.012170385395537525
虫送り	2	0.004056795131845842	3.0	0.012170385395537525
薬店	2	0.004056795131845842	3.0	0.012170385395537525
コミュニティ	2	0.004056795131845842	3.0	0.012170385395537525
値上げ	2	0.004056795131845842	3.0	0.012170385395537525
乗田	2	0.004056795131845842	3.0	0.012170385395537525
直行	2	0.004056795131845842	3.0	0.012170385395537525
姥萢	2	0.004056795131845842	3.0	0.012170385395537525
東北電力	2	0.004056795131845842	2.6989700043360187	0.01094916837458831
多	2	0.004056795131845842	2.6989700043360187	0.01094916837458831
柏原	2	0.004056795131845842	2.6989700043360187	0.01094916837458831
青森	2	0.004056795131845842	2.6989700043360187	0.01094916837458831
年	5	0.010141987829614604	1.0409586076789064	0.010557389530212033
開始	3	0.006085192697768763	1.7212463990471711	0.010474116018542623
県営	2	0.004056795131845842	2.5228787452803374	0.010234802212090619
立	2	0.004056795131845842	2.5228787452803374	0.010234802212090619
フリー	5	0.010141987829614604	1.0	0.010141987829614604
分	3	0.006085192697768763	1.6575773191777938	0.010086677398647832
経路	2	0.004056795131845842	2.3979400086720375	0.009727951353639097
停留所	2	0.004056795131845842	2.3979400086720375	0.009727951353639097
東北	2	0.004056795131845842	2.3979400086720375	0.009727951353639097
時間	3	0.006085192697768763	1.585026652029182	0.009645192608696848
日	4	0.008113590263691683	1.1804560644581312	0.009577736831303295
バス停	2	0.004056795131845842	2.3010299956639813	0.009334807284640898
月	4	0.008113590263691683	1.1307682802690238	0.00917459050928214
案内	2	0.004056795131845842	2.221848749616356	0.009013585191141404
市内	2	0.004056795131845842	2.154901959985743	0.008741995780875225
車	2	0.004056795131845842	2.0969100130080562	0.008506734332689883
沿革	2	0.004056795131845842	2.0	0.008113590263691683
五	2	0.004056795131845842	1.9208187539523753	0.007792368170192192
方面	2	0.004056795131845842	1.9208187539523753	0.007792368170192192
路線	2	0.004056795131845842	1.9208187539523753	0.007792368170192192
放送	2	0.004056795131845842	1.8860566476931633	0.007651345426747113
担当	2	0.004056795131845842	1.853871964321762	0.007520778759926012
地方	2	0.004056795131845842	1.7695510786217261	0.0071787062013051765
その他	2	0.004056795131845842	1.7695510786217261	0.0071787062013051765
駅	2	0.004056795131845842	1.744727494896694	0.007078002007694499
利用	2	0.004056795131845842	1.6020599913279625	0.0064992291737442694
脚注	2	0.004056795131845842	1.6020599913279625	0.0064992291737442694
薬局	1	0.002028397565922921	3.0	0.006085192697768763
柳沼	1	0.002028397565922921	3.0	0.006085192697768763
受託	1	0.002028397565922921	3.0	0.006085192697768763
創出	1	0.002028397565922921	3.0	0.006085192697768763
賑わい	1	0.002028397565922921	3.0	0.006085192697768763
鎌谷	1	0.002028397565922921	3.0	0.006085192697768763
回数	1	0.002028397565922921	3.0	0.006085192697768763
南口	1	0.002028397565922921	3.0	0.006085192697768763
津軽	1	0.002028397565922921	3.0	0.006085192697768763
ワークショップ	1	0.002028397565922921	3.0	0.006085192697768763
榊	1	0.002028397565922921	3.0	0.006085192697768763
優待	1	0.002028397565922921	3.0	0.006085192697768763
東口	1	0.002028397565922921	3.0	0.006085192697768763
試行	1	0.002028397565922921	3.0	0.006085192697768763
一環	1	0.002028397565922921	3.0	0.006085192697768763
前払い	1	0.002028397565922921	3.0	0.006085192697768763
二本柳	1	0.002028397565922921	3.0	0.006085192697768763
内装	1	0.002028397565922921	3.0	0.006085192697768763
前間	1	0.002028397565922921	3.0	0.006085192697768763
米崎	1	0.002028397565922921	3.0	0.006085192697768763
下平井	1	0.002028397565922921	3.0	0.006085192697768763
使用	2	0.004056795131845842	1.4685210829577449	0.005957489180355963
県	2	0.004056795131845842	1.431798275933005	0.005808512275590284
集会	1	0.002028397565922921	2.6989700043360187	0.005474584187294155
パス	1	0.002028397565922921	2.6989700043360187	0.005474584187294155
乗り	1	0.002028397565922921	2.6989700043360187	0.005474584187294155
住宅	1	0.002028397565922921	2.6989700043360187	0.005474584187294155
保健所	1	0.002028397565922921	2.6989700043360187	0.005474584187294155
塗装	1	0.002028397565922921	2.6989700043360187	0.005474584187294155
座席	1	0.002028397565922921	2.6989700043360187	0.005474584187294155
ボーイ	1	0.002028397565922921	2.6989700043360187	0.005474584187294155
アナウンス	1	0.002028397565922921	2.6989700043360187	0.005474584187294155
ワーク	1	0.002028397565922921	2.6989700043360187	0.005474584187294155
大町	1	0.002028397565922921	2.6989700043360187	0.005474584187294155
外部	2	0.004056795131845842	1.3098039199714864	0.0053136061662129265
リンク	2	0.004056795131845842	1.2839966563652008	0.005208911384848684
活性	1	0.002028397565922921	2.5228787452803374	0.005117401106045309
敷島	1	0.002028397565922921	2.5228787452803374	0.005117401106045309
無料	1	0.002028397565922921	2.5228787452803374	0.005117401106045309
本格	1	0.002028397565922921	2.5228787452803374	0.005117401106045309
統一	1	0.002028397565922921	2.5228787452803374	0.005117401106045309
ポール	1	0.002028397565922921	2.5228787452803374	0.005117401106045309
再編	1	0.002028397565922921	2.5228787452803374	0.005117401106045309
降車	1	0.002028397565922921	2.3979400086720375	0.004863975676819549
市街地	1	0.002028397565922921	2.3979400086720375	0.004863975676819549
大人	1	0.002028397565922921	2.3979400086720375	0.004863975676819549
自治体	1	0.002028397565922921	2.3979400086720375	0.004863975676819549
小学生	1	0.002028397565922921	2.3979400086720375	0.004863975676819549
統合	1	0.002028397565922921	2.3979400086720375	0.004863975676819549
運営	1	0.002028397565922921	2.3979400086720375	0.004863975676819549
オリジナル	1	0.002028397565922921	2.221848749616356	0.004506792595570702
乗車	1	0.002028397565922921	2.221848749616356	0.004506792595570702
文字	1	0.002028397565922921	2.221848749616356	0.004506792595570702
まま	1	0.002028397565922921	2.221848749616356	0.004506792595570702
定期	1	0.002028397565922921	2.221848749616356	0.004506792595570702
企画	1	0.002028397565922921	2.154901959985743	0.004370997890437612
システム	1	0.002028397565922921	2.154901959985743	0.004370997890437612
改称	1	0.002028397565922921	2.0969100130080562	0.004253367166344941
通り	1	0.002028397565922921	2.045757490560675	0.004149609514321855
キャラクター	1	0.002028397565922921	2.045757490560675	0.004149609514321855
森	1	0.002028397565922921	2.045757490560675	0.004149609514321855
店	1	0.002028397565922921	2.0	0.004056795131845842
変更	1	0.002028397565922921	1.958607314841775	0.003972834310023885
為	1	0.002028397565922921	1.9208187539523753	0.003896184085096096
夏	1	0.002028397565922921	1.8860566476931633	0.0038256727133735564
事業	1	0.002028397565922921	1.8860566476931633	0.0038256727133735564
廃止	1	0.002028397565922921	1.8860566476931633	0.0038256727133735564
以下	1	0.002028397565922921	1.853871964321762	0.003760389379963006
事	1	0.002028397565922921	1.8239087409443187	0.003699612050596995
以外	1	0.002028397565922921	1.8239087409443187	0.003699612050596995
館	1	0.002028397565922921	1.7958800173440752	0.003642758655870335
設置	1	0.002028397565922921	1.7958800173440752	0.003642758655870335
中心	1	0.002028397565922921	1.7695510786217261	0.0035893531006525882
交通	1	0.002028397565922921	1.7212463990471711	0.0034913720061808744
可能	1	0.002028397565922921	1.6989700043360187	0.003446186621371235
一部	1	0.002028397565922921	1.638272163982407	0.0033230672697411906
場合	1	0.002028397565922921	1.5528419686577808	0.0031497808694883993
化	1	0.002028397565922921	1.537602002101044	0.003118868158419967
名	1	0.002028397565922921	1.494850021680094	0.003032150145395728
時代	1	0.002028397565922921	1.408935392973501	0.0028578811216501032
後	1	0.002028397565922921	1.2596373105057561	0.00255504525457557
表示	1	0.002028397565922921	1.1426675035687315	0.0023177839828980354
目次	1	0.002028397565922921	1.1426675035687315	0.0023177839828980354
作成	1	0.002028397565922921	1.00436480540245	0.002037251126576978
カテゴリ	1	0.002028397565922921	1.00436480540245	0.002037251126576978
百科	1	0.002028397565922921	1.0	0.002028397565922921
移動	1	0.002028397565922921	1.0	0.002028397565922921
事典	1	0.002028397565922921	1.0	0.002028397565922921
検索	1	0.002028397565922921	1.0	0.002028397565922921
出典	1	0.002028397565922921	1.0	0.002028397565922921
