#語	出現回数	TF	IDF	TF-IDF	
キング	50	0.03006614552014432	2.6989700043360187	0.08114762490487128
黒人	27	0.016235718580877932	2.5228787452803374	0.040960749322049975
運動	31	0.018641010222489478	2.154901959985743	0.04016954946455685
暴力	23	0.013830426939266387	2.6989700043360187	0.03732790745624079
差別	22	0.0132291040288635	2.6989700043360187	0.03570495495814337
公民	18	0.010823812387251955	3.0	0.032471437161755864
人種	19	0.011425135297654841	2.5228787452803374	0.02882423100440554
年	43	0.025856885147324114	1.0409586076789064	0.026915947161871904
牧師	16	0.009621166566446182	2.6989700043360187	0.02596723996955881
暗殺	12	0.0072158749248346366	3.0	0.02164762477450391
権	19	0.011425135297654841	1.8860566476931633	0.021548452378935722
アメリカ	20	0.012026458208057728	1.7212463990471711	0.020700497883910658
ルーサー	11	0.00661455201443175	3.0	0.01984365604329525
マーティン	12	0.0072158749248346366	2.6989700043360187	0.01947542997716911
白人	12	0.0072158749248346366	2.5228787452803374	0.018204777476466656
私	13	0.007817197835237523	2.221848749616356	0.017368631235726177
州	14	0.00841852074564041	1.853871964321762	0.01560685959140389
演説	8	0.004810583283223091	3.0	0.014431749849669273
人	19	0.011425135297654841	1.2596373105057561	0.014391526698502325
受賞	11	0.00661455201443175	2.154901959985743	0.014253711100326624
大統領	9	0.005411906193625977	2.5228787452803374	0.013653583107349992
月	20	0.012026458208057728	1.1307682802690238	0.013599137465652722
日	19	0.011425135297654841	1.1804560644581312	0.013486870249371313
系	12	0.0072158749248346366	1.744727494896694	0.012589735381094605
的	16	0.009621166566446182	1.2924298239020637	0.012434682611204463
アフリカ	9	0.005411906193625977	2.221848749616356	0.012024437009348892
派	9	0.005411906193625977	2.154901959985743	0.011662127263903602
ノーベル	6	0.0036079374624173183	3.0	0.010823812387251955
抵抗	7	0.004209260372820205	2.5228787452803374	0.010619453527938883
主義	8	0.004810583283223091	2.045757490560675	0.009841286785619602
編集	16	0.009621166566446182	1.0177287669604316	0.009791737986390202
ジュニア	6	0.0036079374624173183	2.6989700043360187	0.009737714988584554
中	11	0.00661455201443175	1.3665315444204136	0.009038993979930578
撤廃	5	0.003006614552014432	3.0	0.009019843656043296
法	8	0.004810583283223091	1.8239087409443187	0.008774064899311214
社会	8	0.004810583283223091	1.7695510786217261	0.008512572837627066
平和	6	0.0036079374624173183	2.3010299956639813	0.008301972323502037
連邦	6	0.0036079374624173183	2.3010299956639813	0.008301972323502037
解放	6	0.0036079374624173183	2.3010299956639813	0.008301972323502037
ため	11	0.00661455201443175	1.2291479883578558	0.008130263302427188
ブラック	5	0.003006614552014432	2.6989700043360187	0.008114762490487128
ワシントン	5	0.003006614552014432	2.6989700043360187	0.008114762490487128
奴隷	5	0.003006614552014432	2.6989700043360187	0.008114762490487128
楽曲	6	0.0036079374624173183	2.221848749616356	0.008016291339565928
賞	6	0.0036079374624173183	2.0969100130080562	0.007565520191249752
その後	8	0.004810583283223091	1.537602002101044	0.007396762487557638
アメリカ合衆国	6	0.0036079374624173183	2.045757490560675	0.007380965089214702
法的	4	0.0024052916416115455	3.0	0.0072158749248346366
ケネディ	4	0.0024052916416115455	3.0	0.0072158749248346366
ボストン	4	0.0024052916416115455	3.0	0.0072158749248346366
支持	4	0.0024052916416115455	3.0	0.0072158749248346366
ジョンソン	4	0.0024052916416115455	3.0	0.0072158749248346366
もの	9	0.005411906193625977	1.3279021420642825	0.007186481827166893
者	10	0.006013229104028864	1.1870866433571445	0.007138223952839114
政府	6	0.0036079374624173183	1.958607314841775	0.007066532705382231
制定	5	0.003006614552014432	2.3010299956639813	0.006918310269585031
指導	5	0.003006614552014432	2.3010299956639813	0.006918310269585031
誕生	6	0.0036079374624173183	1.8860566476931633	0.006804774435453386
大学	6	0.0036079374624173183	1.853871964321762	0.006688654110601667
自ら	5	0.003006614552014432	2.221848749616356	0.006680242782971606
の	8	0.004810583283223091	1.3767507096020997	0.006622973948777389
姿勢	4	0.0024052916416115455	2.6989700043360187	0.006491809992389703
就任	5	0.003006614552014432	2.045757490560675	0.006150804241012252
議会	4	0.0024052916416115455	2.5228787452803374	0.006068259158822219
パワー	4	0.0024052916416115455	2.5228787452803374	0.006068259158822219
後	8	0.004810583283223091	1.2596373105057561	0.0060595901888430845
これ	7	0.004209260372820205	1.408935392973501	0.00593057591750722
戦争	5	0.003006614552014432	1.958607314841775	0.005888777254485193
民主	4	0.0024052916416115455	2.3979400086720375	0.005767745059944769
国際	5	0.003006614552014432	1.8860566476931633	0.005670645362877822
祝日	3	0.0018039687312086591	3.0	0.005411906193625977
モー	3	0.0018039687312086591	3.0	0.005411906193625977
過激	3	0.0018039687312086591	3.0	0.005411906193625977
メンフィス	3	0.0018039687312086591	3.0	0.005411906193625977
アラバマ	3	0.0018039687312086591	3.0	0.005411906193625977
世論	3	0.0018039687312086591	3.0	0.005411906193625977
南部	4	0.0024052916416115455	2.221848749616356	0.005344194226377285
政権	4	0.0024052916416115455	2.154901959985743	0.005183167672846045
逮捕	4	0.0024052916416115455	2.154901959985743	0.005183167672846045
自由	4	0.0024052916416115455	2.0969100130080562	0.0050436801274998345
よう	6	0.0036079374624173183	1.3767507096020997	0.004967230461583041
有名	4	0.0024052916416115455	2.045757490560675	0.004920643392809801
父	4	0.0024052916416115455	2.045757490560675	0.004920643392809801
取り扱い	3	0.0018039687312086591	2.6989700043360187	0.004868857494292277
スピーチ	3	0.0018039687312086591	2.6989700043360187	0.004868857494292277
レイ	3	0.0018039687312086591	2.6989700043360187	0.004868857494292277
行進	3	0.0018039687312086591	2.6989700043360187	0.004868857494292277
上	5	0.003006614552014432	1.5228787452803376	0.004578709396513342
施行	3	0.0018039687312086591	2.5228787452803374	0.004551194369116664
ベトナム	3	0.0018039687312086591	2.5228787452803374	0.004551194369116664
マイケル	3	0.0018039687312086591	2.5228787452803374	0.004551194369116664
宣言	3	0.0018039687312086591	2.5228787452803374	0.004551194369116664
連盟	3	0.0018039687312086591	2.5228787452803374	0.004551194369116664
自身	4	0.0024052916416115455	1.8860566476931633	0.004536516290302257
人物	5	0.003006614552014432	1.5086383061657274	0.00453589388504428
バス	4	0.0024052916416115455	1.853871964321762	0.0044591027404011115
男性	3	0.0018039687312086591	2.3979400086720375	0.004325808794958577
手段	3	0.0018039687312086591	2.3979400086720375	0.004325808794958577
判決	3	0.0018039687312086591	2.3979400086720375	0.004325808794958577
下	4	0.0024052916416115455	1.7695510786217261	0.004256286418813533
ジョージ	3	0.0018039687312086591	2.3010299956639813	0.004150986161751019
父親	3	0.0018039687312086591	2.3010299956639813	0.004150986161751019
活動	4	0.0024052916416115455	1.7212463990471711	0.004140099576782132
夢	3	0.0018039687312086591	2.221848749616356	0.004008145669782964
理由	3	0.0018039687312086591	2.221848749616356	0.004008145669782964
収録	3	0.0018039687312086591	2.154901959985743	0.003887375754634534
反対	3	0.0018039687312086591	2.154901959985743	0.003887375754634534
神	3	0.0018039687312086591	2.0	0.0036079374624173183
代表	3	0.0018039687312086591	2.0	0.0036079374624173183
弱腰	2	0.0012026458208057728	3.0	0.0036079374624173183
層	2	0.0012026458208057728	3.0	0.0036079374624173183
意思	2	0.0012026458208057728	3.0	0.0036079374624173183
生前	2	0.0012026458208057728	3.0	0.0036079374624173183
店員	2	0.0012026458208057728	3.0	0.0036079374624173183
精力	2	0.0012026458208057728	3.0	0.0036079374624173183
新教	2	0.0012026458208057728	3.0	0.0036079374624173183
容認	2	0.0012026458208057728	3.0	0.0036079374624173183
皆さん	2	0.0012026458208057728	3.0	0.0036079374624173183
時代遅れ	2	0.0012026458208057728	3.0	0.0036079374624173183
各州	2	0.0012026458208057728	3.0	0.0036079374624173183
コレッタ	2	0.0012026458208057728	3.0	0.0036079374624173183
赤十字	2	0.0012026458208057728	3.0	0.0036079374624173183
ジョージア	2	0.0012026458208057728	3.0	0.0036079374624173183
偏見	2	0.0012026458208057728	3.0	0.0036079374624173183
雇用	2	0.0012026458208057728	3.0	0.0036079374624173183
ヘンリー	2	0.0012026458208057728	3.0	0.0036079374624173183
提唱	2	0.0012026458208057728	3.0	0.0036079374624173183
遊説	2	0.0012026458208057728	3.0	0.0036079374624173183
盛り上がり	2	0.0012026458208057728	3.0	0.0036079374624173183
違憲	2	0.0012026458208057728	3.0	0.0036079374624173183
出版	3	0.0018039687312086591	1.958607314841775	0.0035332663526911156
事件	3	0.0018039687312086591	1.9208187539523753	0.0034650969704492643
曲	3	0.0018039687312086591	1.9208187539523753	0.0034650969704492643
英語	3	0.0018039687312086591	1.853871964321762	0.0033443270553008336
たち	3	0.0018039687312086591	1.853871964321762	0.0033443270553008336
問題	3	0.0018039687312086591	1.8239087409443187	0.0032902743372417056
事	3	0.0018039687312086591	1.8239087409443187	0.0032902743372417056
みすず書房	2	0.0012026458208057728	2.6989700043360187	0.0032459049961948514
テル	2	0.0012026458208057728	2.6989700043360187	0.0032459049961948514
長生き	2	0.0012026458208057728	2.6989700043360187	0.0032459049961948514
デモ	2	0.0012026458208057728	2.6989700043360187	0.0032459049961948514
在学	2	0.0012026458208057728	2.6989700043360187	0.0032459049961948514
子孫	2	0.0012026458208057728	2.6989700043360187	0.0032459049961948514
頂上	2	0.0012026458208057728	2.6989700043360187	0.0032459049961948514
ステップ	2	0.0012026458208057728	2.6989700043360187	0.0032459049961948514
アトランタ	2	0.0012026458208057728	2.6989700043360187	0.0032459049961948514
約束	2	0.0012026458208057728	2.6989700043360187	0.0032459049961948514
黄金	2	0.0012026458208057728	2.6989700043360187	0.0032459049961948514
社	3	0.0018039687312086591	1.7212463990471711	0.0031050746825865986
名誉	2	0.0012026458208057728	2.5228787452803374	0.0030341295794111094
教会	2	0.0012026458208057728	2.5228787452803374	0.0030341295794111094
側面	2	0.0012026458208057728	2.5228787452803374	0.0030341295794111094
公共	2	0.0012026458208057728	2.5228787452803374	0.0030341295794111094
受章	2	0.0012026458208057728	2.5228787452803374	0.0030341295794111094
支配	2	0.0012026458208057728	2.5228787452803374	0.0030341295794111094
月曜日	2	0.0012026458208057728	2.5228787452803374	0.0030341295794111094
生い立ち	2	0.0012026458208057728	2.5228787452803374	0.0030341295794111094
解決	2	0.0012026458208057728	2.5228787452803374	0.0030341295794111094
裁判所	2	0.0012026458208057728	2.5228787452803374	0.0030341295794111094
死	2	0.0012026458208057728	2.5228787452803374	0.0030341295794111094
抗議	2	0.0012026458208057728	2.5228787452803374	0.0030341295794111094
際	3	0.0018039687312086591	1.6777807052660807	0.003026663930125221
ひとつ	2	0.0012026458208057728	2.3979400086720375	0.0028838725299723846
敵	2	0.0012026458208057728	2.3979400086720375	0.0028838725299723846
講談社	2	0.0012026458208057728	2.3979400086720375	0.0028838725299723846
区別	2	0.0012026458208057728	2.3979400086720375	0.0028838725299723846
勲章	2	0.0012026458208057728	2.3979400086720375	0.0028838725299723846
世界	3	0.0018039687312086591	1.5686362358410126	0.0028297707200980386
ビデオ	2	0.0012026458208057728	2.3010299956639813	0.0027673241078340124
思想	2	0.0012026458208057728	2.3010299956639813	0.0027673241078340124
改名	2	0.0012026458208057728	2.3010299956639813	0.0027673241078340124
死後	2	0.0012026458208057728	2.3010299956639813	0.0027673241078340124
等	3	0.0018039687312086591	1.5086383061657274	0.002721536331026568
二	3	0.0018039687312086591	1.4814860601221125	0.0026725545281818027
意識	2	0.0012026458208057728	2.221848749616356	0.0026720971131886425
連合	2	0.0012026458208057728	2.221848749616356	0.0026720971131886425
命	2	0.0012026458208057728	2.221848749616356	0.0026720971131886425
新た	2	0.0012026458208057728	2.221848749616356	0.0026720971131886425
北部	2	0.0012026458208057728	2.221848749616356	0.0026720971131886425
状況	2	0.0012026458208057728	2.221848749616356	0.0026720971131886425
息子	2	0.0012026458208057728	2.221848749616356	0.0026720971131886425
警察	2	0.0012026458208057728	2.221848749616356	0.0026720971131886425
言葉	2	0.0012026458208057728	2.221848749616356	0.0026720971131886425
評価	2	0.0012026458208057728	2.221848749616356	0.0026720971131886425
以来	2	0.0012026458208057728	2.154901959985743	0.0025915838364230226
様	2	0.0012026458208057728	2.154901959985743	0.0025915838364230226
勝利	2	0.0012026458208057728	2.154901959985743	0.0025915838364230226
死去	2	0.0012026458208057728	2.154901959985743	0.0025915838364230226
時代	3	0.0018039687312086591	1.408935392973501	0.00254167539321738
毎年	2	0.0012026458208057728	2.0969100130080562	0.0025218400637499173
山	2	0.0012026458208057728	2.0969100130080562	0.0025218400637499173
彼ら	2	0.0012026458208057728	2.0969100130080562	0.0025218400637499173
テーマ	2	0.0012026458208057728	2.0969100130080562	0.0025218400637499173
初	2	0.0012026458208057728	2.0969100130080562	0.0025218400637499173
批判	2	0.0012026458208057728	2.0969100130080562	0.0025218400637499173
各地	2	0.0012026458208057728	2.0969100130080562	0.0025218400637499173
最高	2	0.0012026458208057728	2.0969100130080562	0.0025218400637499173
国内	2	0.0012026458208057728	2.045757490560675	0.0024603216964049004
映像	2	0.0012026458208057728	2.045757490560675	0.0024603216964049004
話	3	0.0018039687312086591	1.3565473235138126	0.002447168954023715
時期	2	0.0012026458208057728	2.0	0.0024052916416115455
意味	2	0.0012026458208057728	2.0	0.0024052916416115455
世紀	2	0.0012026458208057728	2.0	0.0024052916416115455
記念	2	0.0012026458208057728	1.958607314841775	0.0023555109017940772
全て	2	0.0012026458208057728	1.958607314841775	0.0023555109017940772
目	2	0.0012026458208057728	1.9208187539523753	0.002310064646966176
彼	2	0.0012026458208057728	1.9208187539523753	0.002310064646966176
金	2	0.0012026458208057728	1.8860566476931633	0.0022682581451511285
以下	2	0.0012026458208057728	1.853871964321762	0.0022295513702005557
水	2	0.0012026458208057728	1.8239087409443187	0.0021935162248278035
内容	2	0.0012026458208057728	1.8239087409443187	0.0021935162248278035
名前	2	0.0012026458208057728	1.8239087409443187	0.0021935162248278035
結果	2	0.0012026458208057728	1.7958800173440752	0.002159807597527451
登場	2	0.0012026458208057728	1.7958800173440752	0.002159807597527451
歳	2	0.0012026458208057728	1.7958800173440752	0.002159807597527451
日本	3	0.0018039687312086591	1.1870866433571445	0.002141467185851734
施設	2	0.0012026458208057728	1.7212463990471711	0.002070049788391066
場	2	0.0012026458208057728	1.6989700043360187	0.0020432591753890787
文献	2	0.0012026458208057728	1.6989700043360187	0.0020432591753890787
関連	3	0.0018039687312086591	1.1191864077192086	0.002018977283919198
参考	2	0.0012026458208057728	1.6777807052660807	0.002017775953416814
式	2	0.0012026458208057728	1.6777807052660807	0.002017775953416814
一部	2	0.0012026458208057728	1.638272163982407	0.0019702611713558714
脚注	2	0.0012026458208057728	1.6020599913279625	0.0019267107532507067
数	2	0.0012026458208057728	1.585026652029182	0.0019062256789286617
関係	2	0.0012026458208057728	1.585026652029182	0.0019062256789286617
化	2	0.0012026458208057728	1.537602002101044	0.0018491906218894094
地	2	0.0012026458208057728	1.537602002101044	0.0018491906218894094
市	2	0.0012026458208057728	1.5228787452803376	0.001831483758605337
それ	2	0.0012026458208057728	1.5228787452803376	0.001831483758605337
家	2	0.0012026458208057728	1.5086383061657274	0.0018143575540177119
出典	3	0.0018039687312086591	1.0	0.0018039687312086591
後列	1	6.013229104028864E-4	3.0	0.0018039687312086591
同店	1	6.013229104028864E-4	3.0	0.0018039687312086591
凶弾	1	6.013229104028864E-4	3.0	0.0018039687312086591
予見	1	6.013229104028864E-4	3.0	0.0018039687312086591
スタンフォード	1	6.013229104028864E-4	3.0	0.0018039687312086591
悲劇	1	6.013229104028864E-4	3.0	0.0018039687312086591
ミシェル	1	6.013229104028864E-4	3.0	0.0018039687312086591
事態	1	6.013229104028864E-4	3.0	0.0018039687312086591
合衆国	1	6.013229104028864E-4	3.0	0.0018039687312086591
徴兵	1	6.013229104028864E-4	3.0	0.0018039687312086591
ネーム	1	6.013229104028864E-4	3.0	0.0018039687312086591
根絶	1	6.013229104028864E-4	3.0	0.0018039687312086591
汝	1	6.013229104028864E-4	3.0	0.0018039687312086591
脳卒中	1	6.013229104028864E-4	3.0	0.0018039687312086591
紙幣	1	6.013229104028864E-4	3.0	0.0018039687312086591
呼び出し	1	6.013229104028864E-4	3.0	0.0018039687312086591
ランク	1	6.013229104028864E-4	3.0	0.0018039687312086591
泥沼	1	6.013229104028864E-4	3.0	0.0018039687312086591
訴え	1	6.013229104028864E-4	3.0	0.0018039687312086591
有色	1	6.013229104028864E-4	3.0	0.0018039687312086591
シニア	1	6.013229104028864E-4	3.0	0.0018039687312086591
意志	1	6.013229104028864E-4	3.0	0.0018039687312086591
アングロサクソン	1	6.013229104028864E-4	3.0	0.0018039687312086591
水飲み	1	6.013229104028864E-4	3.0	0.0018039687312086591
名演	1	6.013229104028864E-4	3.0	0.0018039687312086591
高邁	1	6.013229104028864E-4	3.0	0.0018039687312086591
橋頭堡	1	6.013229104028864E-4	3.0	0.0018039687312086591
コロンブス	1	6.013229104028864E-4	3.0	0.0018039687312086591
肯定	1	6.013229104028864E-4	3.0	0.0018039687312086591
テネシー	1	6.013229104028864E-4	3.0	0.0018039687312086591
刺殺	1	6.013229104028864E-4	3.0	0.0018039687312086591
母国	1	6.013229104028864E-4	3.0	0.0018039687312086591
ライ	1	6.013229104028864E-4	3.0	0.0018039687312086591
自覚	1	6.013229104028864E-4	3.0	0.0018039687312086591
警官	1	6.013229104028864E-4	3.0	0.0018039687312086591
頂点	1	6.013229104028864E-4	3.0	0.0018039687312086591
拒絶	1	6.013229104028864E-4	3.0	0.0018039687312086591
不全	1	6.013229104028864E-4	3.0	0.0018039687312086591
収拾	1	6.013229104028864E-4	3.0	0.0018039687312086591
棺	1	6.013229104028864E-4	3.0	0.0018039687312086591
即興	1	6.013229104028864E-4	3.0	0.0018039687312086591
動画	1	6.013229104028864E-4	3.0	0.0018039687312086591
ケニア	1	6.013229104028864E-4	3.0	0.0018039687312086591
全文	1	6.013229104028864E-4	3.0	0.0018039687312086591
教材	1	6.013229104028864E-4	3.0	0.0018039687312086591
恩恵	1	6.013229104028864E-4	3.0	0.0018039687312086591
ナス	1	6.013229104028864E-4	3.0	0.0018039687312086591
リム	1	6.013229104028864E-4	3.0	0.0018039687312086591
前日	1	6.013229104028864E-4	3.0	0.0018039687312086591
吹奏楽	1	6.013229104028864E-4	3.0	0.0018039687312086591
現代新書	1	6.013229104028864E-4	3.0	0.0018039687312086591
物事	1	6.013229104028864E-4	3.0	0.0018039687312086591
腎	1	6.013229104028864E-4	3.0	0.0018039687312086591
教徒	1	6.013229104028864E-4	3.0	0.0018039687312086591
自称	1	6.013229104028864E-4	3.0	0.0018039687312086591
搬送	1	6.013229104028864E-4	3.0	0.0018039687312086591
マーシャル	1	6.013229104028864E-4	3.0	0.0018039687312086591
待遇	1	6.013229104028864E-4	3.0	0.0018039687312086591
要因	1	6.013229104028864E-4	3.0	0.0018039687312086591
半身不随	1	6.013229104028864E-4	3.0	0.0018039687312086591
入り口	1	6.013229104028864E-4	3.0	0.0018039687312086591
ミシガン	1	6.013229104028864E-4	3.0	0.0018039687312086591
難民	1	6.013229104028864E-4	3.0	0.0018039687312086591
権力	1	6.013229104028864E-4	3.0	0.0018039687312086591
理想	1	6.013229104028864E-4	3.0	0.0018039687312086591
一瞬	1	6.013229104028864E-4	3.0	0.0018039687312086591
男の子	1	6.013229104028864E-4	3.0	0.0018039687312086591
矢先	1	6.013229104028864E-4	3.0	0.0018039687312086591
啓蒙	1	6.013229104028864E-4	3.0	0.0018039687312086591
レーガン	1	6.013229104028864E-4	3.0	0.0018039687312086591
市警	1	6.013229104028864E-4	3.0	0.0018039687312086591
共感	1	6.013229104028864E-4	3.0	0.0018039687312086591
神学	1	6.013229104028864E-4	3.0	0.0018039687312086591
栄光	1	6.013229104028864E-4	3.0	0.0018039687312086591
根拠	1	6.013229104028864E-4	3.0	0.0018039687312086591
ないがしろ	1	6.013229104028864E-4	3.0	0.0018039687312086591
再臨	1	6.013229104028864E-4	3.0	0.0018039687312086591
仲介	1	6.013229104028864E-4	3.0	0.0018039687312086591
笑いもの	1	6.013229104028864E-4	3.0	0.0018039687312086591
嘘	1	6.013229104028864E-4	3.0	0.0018039687312086591
兵士	1	6.013229104028864E-4	3.0	0.0018039687312086591
スコット	1	6.013229104028864E-4	3.0	0.0018039687312086591
必然	1	6.013229104028864E-4	3.0	0.0018039687312086591
法案	1	6.013229104028864E-4	3.0	0.0018039687312086591
勘違い	1	6.013229104028864E-4	3.0	0.0018039687312086591
丸腰	1	6.013229104028864E-4	3.0	0.0018039687312086591
ならず者	1	6.013229104028864E-4	3.0	0.0018039687312086591
敵意	1	6.013229104028864E-4	3.0	0.0018039687312086591
台頭	1	6.013229104028864E-4	3.0	0.0018039687312086591
恐れ	1	6.013229104028864E-4	3.0	0.0018039687312086591
歩み	1	6.013229104028864E-4	3.0	0.0018039687312086591
びき	1	6.013229104028864E-4	3.0	0.0018039687312086591
警棒	1	6.013229104028864E-4	3.0	0.0018039687312086591
パンサー	1	6.013229104028864E-4	3.0	0.0018039687312086591
帰り道	1	6.013229104028864E-4	3.0	0.0018039687312086591
失業	1	6.013229104028864E-4	3.0	0.0018039687312086591
早期	1	6.013229104028864E-4	3.0	0.0018039687312086591
行脚	1	6.013229104028864E-4	3.0	0.0018039687312086591
自伝	1	6.013229104028864E-4	3.0	0.0018039687312086591
現状	1	6.013229104028864E-4	3.0	0.0018039687312086591
絶大	1	6.013229104028864E-4	3.0	0.0018039687312086591
レポート	1	6.013229104028864E-4	3.0	0.0018039687312086591
基督教	1	6.013229104028864E-4	3.0	0.0018039687312086591
神学校	1	6.013229104028864E-4	3.0	0.0018039687312086591
融和	1	6.013229104028864E-4	3.0	0.0018039687312086591
最年少	1	6.013229104028864E-4	3.0	0.0018039687312086591
討論	1	6.013229104028864E-4	3.0	0.0018039687312086591
文体	1	6.013229104028864E-4	3.0	0.0018039687312086591
イスラム	1	6.013229104028864E-4	3.0	0.0018039687312086591
インディアン	1	6.013229104028864E-4	3.0	0.0018039687312086591
州法	1	6.013229104028864E-4	3.0	0.0018039687312086591
愚か者	1	6.013229104028864E-4	3.0	0.0018039687312086591
ベーカー	1	6.013229104028864E-4	3.0	0.0018039687312086591
署名	1	6.013229104028864E-4	3.0	0.0018039687312086591
無抵抗	1	6.013229104028864E-4	3.0	0.0018039687312086591
独居	1	6.013229104028864E-4	3.0	0.0018039687312086591
アンド	1	6.013229104028864E-4	3.0	0.0018039687312086591
呼応	1	6.013229104028864E-4	3.0	0.0018039687312086591
ヒスパニック	1	6.013229104028864E-4	3.0	0.0018039687312086591
階段	1	6.013229104028864E-4	3.0	0.0018039687312086591
滅多	1	6.013229104028864E-4	3.0	0.0018039687312086591
諸	1	6.013229104028864E-4	3.0	0.0018039687312086591
取扱い	1	6.013229104028864E-4	3.0	0.0018039687312086591
ホワイトハウス	1	6.013229104028864E-4	3.0	0.0018039687312086591
キッシンジャー	1	6.013229104028864E-4	3.0	0.0018039687312086591
サハロフ	1	6.013229104028864E-4	3.0	0.0018039687312086591
良心	1	6.013229104028864E-4	3.0	0.0018039687312086591
地道	1	6.013229104028864E-4	3.0	0.0018039687312086591
模索	1	6.013229104028864E-4	3.0	0.0018039687312086591
スラム	1	6.013229104028864E-4	3.0	0.0018039687312086591
貧困	1	6.013229104028864E-4	3.0	0.0018039687312086591
平等	1	6.013229104028864E-4	3.0	0.0018039687312086591
リンカーン	1	6.013229104028864E-4	3.0	0.0018039687312086591
保守	1	6.013229104028864E-4	3.0	0.0018039687312086591
投獄	1	6.013229104028864E-4	3.0	0.0018039687312086591
多大	1	6.013229104028864E-4	3.0	0.0018039687312086591
フィリップ	1	6.013229104028864E-4	3.0	0.0018039687312086591
ボイコット	1	6.013229104028864E-4	3.0	0.0018039687312086591
同姓	1	6.013229104028864E-4	3.0	0.0018039687312086591
新月	1	6.013229104028864E-4	3.0	0.0018039687312086591
高圧	1	6.013229104028864E-4	3.0	0.0018039687312086591
州兵	1	6.013229104028864E-4	3.0	0.0018039687312086591
簡潔	1	6.013229104028864E-4	3.0	0.0018039687312086591
バルコニー	1	6.013229104028864E-4	3.0	0.0018039687312086591
ペンシルベニア	1	6.013229104028864E-4	3.0	0.0018039687312086591
前途	1	6.013229104028864E-4	3.0	0.0018039687312086591
累犯	1	6.013229104028864E-4	3.0	0.0018039687312086591
ヒースロー	1	6.013229104028864E-4	3.0	0.0018039687312086591
前進	1	6.013229104028864E-4	3.0	0.0018039687312086591
中核	1	6.013229104028864E-4	3.0	0.0018039687312086591
コメント	1	6.013229104028864E-4	3.0	0.0018039687312086591
フレデリック	1	6.013229104028864E-4	3.0	0.0018039687312086591
信条	1	6.013229104028864E-4	3.0	0.0018039687312086591
祖父	1	6.013229104028864E-4	3.0	0.0018039687312086591
協和	1	6.013229104028864E-4	3.0	0.0018039687312086591
栄作	1	6.013229104028864E-4	3.0	0.0018039687312086591
素養	1	6.013229104028864E-4	3.0	0.0018039687312086591
墓標	1	6.013229104028864E-4	3.0	0.0018039687312086591
弁務	1	6.013229104028864E-4	3.0	0.0018039687312086591
強行	1	6.013229104028864E-4	3.0	0.0018039687312086591
ポーリング	1	6.013229104028864E-4	3.0	0.0018039687312086591
全米	1	6.013229104028864E-4	2.6989700043360187	0.0016229524980974257
モス	1	6.013229104028864E-4	2.6989700043360187	0.0016229524980974257
民	1	6.013229104028864E-4	2.6989700043360187	0.0016229524980974257
動き	1	6.013229104028864E-4	2.6989700043360187	0.0016229524980974257
極端	1	6.013229104028864E-4	2.6989700043360187	0.0016229524980974257
強硬	1	6.013229104028864E-4	2.6989700043360187	0.0016229524980974257
到達	1	6.013229104028864E-4	2.6989700043360187	0.0016229524980974257
説教	1	6.013229104028864E-4	2.6989700043360187	0.0016229524980974257
反発	1	6.013229104028864E-4	2.6989700043360187	0.0016229524980974257
術	1	6.013229104028864E-4	2.6989700043360187	0.0016229524980974257
教団	1	6.013229104028864E-4	2.6989700043360187	0.0016229524980974257
クリストファー	1	6.013229104028864E-4	2.6989700043360187	0.0016229524980974257
ヵ月	1	6.013229104028864E-4	2.6989700043360187	0.0016229524980974257
ショート	1	6.013229104028864E-4	2.6989700043360187	0.0016229524980974257
ジャクソン	1	6.013229104028864E-4	2.6989700043360187	0.0016229524980974257
ハーフ	1	6.013229104028864E-4	2.6989700043360187	0.0016229524980974257
集会	1	6.013229104028864E-4	2.6989700043360187	0.0016229524980974257
クリップ	1	6.013229104028864E-4	2.6989700043360187	0.0016229524980974257
デー	1	6.013229104028864E-4	2.6989700043360187	0.0016229524980974257
インフラ	1	6.013229104028864E-4	2.6989700043360187	0.0016229524980974257
夫	1	6.013229104028864E-4	2.6989700043360187	0.0016229524980974257
申	1	6.013229104028864E-4	2.6989700043360187	0.0016229524980974257
大都市	1	6.013229104028864E-4	2.6989700043360187	0.0016229524980974257
青年	1	6.013229104028864E-4	2.6989700043360187	0.0016229524980974257
隔絶	1	6.013229104028864E-4	2.6989700043360187	0.0016229524980974257
ロナルド	1	6.013229104028864E-4	2.6989700043360187	0.0016229524980974257
喉	1	6.013229104028864E-4	2.6989700043360187	0.0016229524980974257
同名	1	6.013229104028864E-4	2.6989700043360187	0.0016229524980974257
工廠	1	6.013229104028864E-4	2.6989700043360187	0.0016229524980974257
注文	1	6.013229104028864E-4	2.6989700043360187	0.0016229524980974257
ニュージャージー	1	6.013229104028864E-4	2.6989700043360187	0.0016229524980974257
最前線	1	6.013229104028864E-4	2.6989700043360187	0.0016229524980974257
人生	1	6.013229104028864E-4	2.6989700043360187	0.0016229524980974257
国外	1	6.013229104028864E-4	2.6989700043360187	0.0016229524980974257
ジェームズ	1	6.013229104028864E-4	2.6989700043360187	0.0016229524980974257
ホース	1	6.013229104028864E-4	2.6989700043360187	0.0016229524980974257
犯人	1	6.013229104028864E-4	2.6989700043360187	0.0016229524980974257
心配	1	6.013229104028864E-4	2.6989700043360187	0.0016229524980974257
いた事	1	6.013229104028864E-4	2.6989700043360187	0.0016229524980974257
出来事	1	6.013229104028864E-4	2.6989700043360187	0.0016229524980974257
服役	1	6.013229104028864E-4	2.6989700043360187	0.0016229524980974257
ダグラス	1	6.013229104028864E-4	2.6989700043360187	0.0016229524980974257
平易	1	6.013229104028864E-4	2.6989700043360187	0.0016229524980974257
レディ	1	6.013229104028864E-4	2.6989700043360187	0.0016229524980974257
服従	1	6.013229104028864E-4	2.6989700043360187	0.0016229524980974257
ノエル	1	6.013229104028864E-4	2.6989700043360187	0.0016229524980974257
曲目	1	6.013229104028864E-4	2.6989700043360187	0.0016229524980974257
房	1	6.013229104028864E-4	2.6989700043360187	0.0016229524980974257
未遂	1	6.013229104028864E-4	2.6989700043360187	0.0016229524980974257
文書	1	6.013229104028864E-4	2.6989700043360187	0.0016229524980974257
深刻	1	6.013229104028864E-4	2.6989700043360187	0.0016229524980974257
岩波書店	1	6.013229104028864E-4	2.6989700043360187	0.0016229524980974257
同意	1	6.013229104028864E-4	2.6989700043360187	0.0016229524980974257
フィルム	1	6.013229104028864E-4	2.6989700043360187	0.0016229524980974257
暴動	1	6.013229104028864E-4	2.6989700043360187	0.0016229524980974257
参戦	1	6.013229104028864E-4	2.6989700043360187	0.0016229524980974257
弾丸	1	6.013229104028864E-4	2.6989700043360187	0.0016229524980974257
シーン	1	6.013229104028864E-4	2.6989700043360187	0.0016229524980974257
救済	1	6.013229104028864E-4	2.6989700043360187	0.0016229524980974257
ミドル	1	6.013229104028864E-4	2.6989700043360187	0.0016229524980974257
脊髄	1	6.013229104028864E-4	2.6989700043360187	0.0016229524980974257
中東	1	6.013229104028864E-4	2.6989700043360187	0.0016229524980974257
逃亡	1	6.013229104028864E-4	2.6989700043360187	0.0016229524980974257
栄誉	1	6.013229104028864E-4	2.6989700043360187	0.0016229524980974257
トイレ	1	6.013229104028864E-4	2.6989700043360187	0.0016229524980974257
アール	1	6.013229104028864E-4	2.6989700043360187	0.0016229524980974257
満足	1	6.013229104028864E-4	2.6989700043360187	0.0016229524980974257
当局	1	6.013229104028864E-4	2.6989700043360187	0.0016229524980974257
講演	1	6.013229104028864E-4	2.6989700043360187	0.0016229524980974257
母親	1	6.013229104028864E-4	2.6989700043360187	0.0016229524980974257
肝炎	1	6.013229104028864E-4	2.6989700043360187	0.0016229524980974257
結論	1	6.013229104028864E-4	2.6989700043360187	0.0016229524980974257
授与	1	6.013229104028864E-4	2.6989700043360187	0.0016229524980974257
変革	1	6.013229104028864E-4	2.6989700043360187	0.0016229524980974257
デトロイト	1	6.013229104028864E-4	2.6989700043360187	0.0016229524980974257
拘置	1	6.013229104028864E-4	2.6989700043360187	0.0016229524980974257
今夜	1	6.013229104028864E-4	2.6989700043360187	0.0016229524980974257
ゴール	1	6.013229104028864E-4	2.6989700043360187	0.0016229524980974257
闘争	1	6.013229104028864E-4	2.6989700043360187	0.0016229524980974257
トランペット	1	6.013229104028864E-4	2.6989700043360187	0.0016229524980974257
孤立	1	6.013229104028864E-4	2.6989700043360187	0.0016229524980974257
先頭	1	6.013229104028864E-4	2.6989700043360187	0.0016229524980974257
外部	2	0.0012026458208057728	1.3098039199714864	0.001575230210428727
リンク	2	0.0012026458208057728	1.2839966563652008	0.0015441932127061946
堂	1	6.013229104028864E-4	2.5228787452803374	0.0015170647897055547
史跡	1	6.013229104028864E-4	2.5228787452803374	0.0015170647897055547
史上	1	6.013229104028864E-4	2.5228787452803374	0.0015170647897055547
蔓延	1	6.013229104028864E-4	2.5228787452803374	0.0015170647897055547
観客	1	6.013229104028864E-4	2.5228787452803374	0.0015170647897055547
障害	1	6.013229104028864E-4	2.5228787452803374	0.0015170647897055547
法令	1	6.013229104028864E-4	2.5228787452803374	0.0015170647897055547
セ	1	6.013229104028864E-4	2.5228787452803374	0.0015170647897055547
テロ	1	6.013229104028864E-4	2.5228787452803374	0.0015170647897055547
幸せ	1	6.013229104028864E-4	2.5228787452803374	0.0015170647897055547
地帯	1	6.013229104028864E-4	2.5228787452803374	0.0015170647897055547
基金	1	6.013229104028864E-4	2.5228787452803374	0.0015170647897055547
幼少	1	6.013229104028864E-4	2.5228787452803374	0.0015170647897055547
体験	1	6.013229104028864E-4	2.5228787452803374	0.0015170647897055547
リン	1	6.013229104028864E-4	2.5228787452803374	0.0015170647897055547
岩波	1	6.013229104028864E-4	2.5228787452803374	0.0015170647897055547
党	1	6.013229104028864E-4	2.5228787452803374	0.0015170647897055547
インド	1	6.013229104028864E-4	2.5228787452803374	0.0015170647897055547
がち	1	6.013229104028864E-4	2.5228787452803374	0.0015170647897055547
反応	1	6.013229104028864E-4	2.5228787452803374	0.0015170647897055547
山頂	1	6.013229104028864E-4	2.5228787452803374	0.0015170647897055547
ファースト	1	6.013229104028864E-4	2.5228787452803374	0.0015170647897055547
重	1	6.013229104028864E-4	2.5228787452803374	0.0015170647897055547
グリーン	1	6.013229104028864E-4	2.5228787452803374	0.0015170647897055547
爆弾	1	6.013229104028864E-4	2.5228787452803374	0.0015170647897055547
徹底	1	6.013229104028864E-4	2.5228787452803374	0.0015170647897055547
記	1	6.013229104028864E-4	2.5228787452803374	0.0015170647897055547
故人	1	6.013229104028864E-4	2.5228787452803374	0.0015170647897055547
席	1	6.013229104028864E-4	2.5228787452803374	0.0015170647897055547
分析	1	6.013229104028864E-4	2.5228787452803374	0.0015170647897055547
業績	1	6.013229104028864E-4	2.5228787452803374	0.0015170647897055547
説	1	6.013229104028864E-4	2.5228787452803374	0.0015170647897055547
日々	1	6.013229104028864E-4	2.5228787452803374	0.0015170647897055547
中止	1	6.013229104028864E-4	2.5228787452803374	0.0015170647897055547
会談	1	6.013229104028864E-4	2.5228787452803374	0.0015170647897055547
ケース	1	6.013229104028864E-4	2.5228787452803374	0.0015170647897055547
建国	1	6.013229104028864E-4	2.5228787452803374	0.0015170647897055547
方針	1	6.013229104028864E-4	2.5228787452803374	0.0015170647897055547
少数	1	6.013229104028864E-4	2.5228787452803374	0.0015170647897055547
民族	1	6.013229104028864E-4	2.5228787452803374	0.0015170647897055547
邪魔	1	6.013229104028864E-4	2.5228787452803374	0.0015170647897055547
一切	1	6.013229104028864E-4	2.3979400086720375	0.0014419362649861923
達	1	6.013229104028864E-4	2.3979400086720375	0.0014419362649861923
労働	1	6.013229104028864E-4	2.3979400086720375	0.0014419362649861923
休日	1	6.013229104028864E-4	2.3979400086720375	0.0014419362649861923
ドン	1	6.013229104028864E-4	2.3979400086720375	0.0014419362649861923
学者	1	6.013229104028864E-4	2.3979400086720375	0.0014419362649861923
統治	1	6.013229104028864E-4	2.3979400086720375	0.0014419362649861923
当該	1	6.013229104028864E-4	2.3979400086720375	0.0014419362649861923
彼女	1	6.013229104028864E-4	2.3979400086720375	0.0014419362649861923
推進	1	6.013229104028864E-4	2.3979400086720375	0.0014419362649861923
選挙	1	6.013229104028864E-4	2.3979400086720375	0.0014419362649861923
前年	1	6.013229104028864E-4	2.3979400086720375	0.0014419362649861923
緑	1	6.013229104028864E-4	2.3979400086720375	0.0014419362649861923
命令	1	6.013229104028864E-4	2.3979400086720375	0.0014419362649861923
役割	1	6.013229104028864E-4	2.3979400086720375	0.0014419362649861923
一時期	1	6.013229104028864E-4	2.3979400086720375	0.0014419362649861923
プール	1	6.013229104028864E-4	2.3979400086720375	0.0014419362649861923
飲食	1	6.013229104028864E-4	2.3979400086720375	0.0014419362649861923
兄弟	1	6.013229104028864E-4	2.3979400086720375	0.0014419362649861923
ごと	1	6.013229104028864E-4	2.3979400086720375	0.0014419362649861923
結成	1	6.013229104028864E-4	2.3979400086720375	0.0014419362649861923
貢献	1	6.013229104028864E-4	2.3979400086720375	0.0014419362649861923
派遣	1	6.013229104028864E-4	2.3979400086720375	0.0014419362649861923
優勝	1	6.013229104028864E-4	2.3979400086720375	0.0014419362649861923
空港	1	6.013229104028864E-4	2.3979400086720375	0.0014419362649861923
ジョン	1	6.013229104028864E-4	2.3979400086720375	0.0014419362649861923
命名	1	6.013229104028864E-4	2.3979400086720375	0.0014419362649861923
新書	1	6.013229104028864E-4	2.3979400086720375	0.0014419362649861923
改善	1	6.013229104028864E-4	2.3979400086720375	0.0014419362649861923
罪	1	6.013229104028864E-4	2.3979400086720375	0.0014419362649861923
世界中	1	6.013229104028864E-4	2.3979400086720375	0.0014419362649861923
懲役	1	6.013229104028864E-4	2.3979400086720375	0.0014419362649861923
一緒	1	6.013229104028864E-4	2.3979400086720375	0.0014419362649861923
手法	1	6.013229104028864E-4	2.3979400086720375	0.0014419362649861923
車内	1	6.013229104028864E-4	2.3979400086720375	0.0014419362649861923
教科書	1	6.013229104028864E-4	2.3979400086720375	0.0014419362649861923
大衆	1	6.013229104028864E-4	2.3979400086720375	0.0014419362649861923
内部	1	6.013229104028864E-4	2.3010299956639813	0.0013836620539170062
提出	1	6.013229104028864E-4	2.3010299956639813	0.0013836620539170062
高校	1	6.013229104028864E-4	2.3010299956639813	0.0013836620539170062
明確	1	6.013229104028864E-4	2.3010299956639813	0.0013836620539170062
活発	1	6.013229104028864E-4	2.3010299956639813	0.0013836620539170062
宗教	1	6.013229104028864E-4	2.3010299956639813	0.0013836620539170062
演奏	1	6.013229104028864E-4	2.3010299956639813	0.0013836620539170062
積極	1	6.013229104028864E-4	2.3010299956639813	0.0013836620539170062
家族	1	6.013229104028864E-4	2.3010299956639813	0.0013836620539170062
独立	1	6.013229104028864E-4	2.3010299956639813	0.0013836620539170062
改革	1	6.013229104028864E-4	2.3010299956639813	0.0013836620539170062
赤	1	6.013229104028864E-4	2.3010299956639813	0.0013836620539170062
分離	1	6.013229104028864E-4	2.3010299956639813	0.0013836620539170062
わけ	1	6.013229104028864E-4	2.3010299956639813	0.0013836620539170062
強制	1	6.013229104028864E-4	2.3010299956639813	0.0013836620539170062
工作	1	6.013229104028864E-4	2.3010299956639813	0.0013836620539170062
成功	1	6.013229104028864E-4	2.3010299956639813	0.0013836620539170062
死亡	1	6.013229104028864E-4	2.3010299956639813	0.0013836620539170062
隣	1	6.013229104028864E-4	2.3010299956639813	0.0013836620539170062
犬	1	6.013229104028864E-4	2.3010299956639813	0.0013836620539170062
成立	1	6.013229104028864E-4	2.3010299956639813	0.0013836620539170062
相当	1	6.013229104028864E-4	2.3010299956639813	0.0013836620539170062
箇所	1	6.013229104028864E-4	2.3010299956639813	0.0013836620539170062
児童	1	6.013229104028864E-4	2.3010299956639813	0.0013836620539170062
現場	1	6.013229104028864E-4	2.3010299956639813	0.0013836620539170062
表示	2	0.0012026458208057728	1.1426675035687315	0.0013742242977375003
項目	2	0.0012026458208057728	1.1426675035687315	0.0013742242977375003
項	1	6.013229104028864E-4	2.221848749616356	0.0013360485565943213
工業	1	6.013229104028864E-4	2.221848749616356	0.0013360485565943213
実現	1	6.013229104028864E-4	2.221848749616356	0.0013360485565943213
精神	1	6.013229104028864E-4	2.221848749616356	0.0013360485565943213
佐藤	1	6.013229104028864E-4	2.221848749616356	0.0013360485565943213
ヶ月	1	6.013229104028864E-4	2.221848749616356	0.0013360485565943213
声	1	6.013229104028864E-4	2.221848749616356	0.0013360485565943213
マルチメディア	1	6.013229104028864E-4	2.221848749616356	0.0013360485565943213
夜	1	6.013229104028864E-4	2.221848749616356	0.0013360485565943213
生誕	1	6.013229104028864E-4	2.221848749616356	0.0013360485565943213
部門	1	6.013229104028864E-4	2.221848749616356	0.0013360485565943213
それら	1	6.013229104028864E-4	2.221848749616356	0.0013360485565943213
今	1	6.013229104028864E-4	2.221848749616356	0.0013360485565943213
大会	1	6.013229104028864E-4	2.221848749616356	0.0013360485565943213
夫人	1	6.013229104028864E-4	2.221848749616356	0.0013360485565943213
結婚	1	6.013229104028864E-4	2.221848749616356	0.0013360485565943213
ゲーム	1	6.013229104028864E-4	2.221848749616356	0.0013360485565943213
事務所	1	6.013229104028864E-4	2.221848749616356	0.0013360485565943213
分裂	1	6.013229104028864E-4	2.221848749616356	0.0013360485565943213
ロンドン	1	6.013229104028864E-4	2.221848749616356	0.0013360485565943213
官	1	6.013229104028864E-4	2.221848749616356	0.0013360485565943213
アジア	1	6.013229104028864E-4	2.221848749616356	0.0013360485565943213
まま	1	6.013229104028864E-4	2.221848749616356	0.0013360485565943213
街	1	6.013229104028864E-4	2.154901959985743	0.0012957919182115113
人々	1	6.013229104028864E-4	2.154901959985743	0.0012957919182115113
機会	1	6.013229104028864E-4	2.154901959985743	0.0012957919182115113
博士	1	6.013229104028864E-4	2.154901959985743	0.0012957919182115113
姉妹	1	6.013229104028864E-4	2.154901959985743	0.0012957919182115113
運用	1	6.013229104028864E-4	2.154901959985743	0.0012957919182115113
市民	1	6.013229104028864E-4	2.154901959985743	0.0012957919182115113
取得	1	6.013229104028864E-4	2.154901959985743	0.0012957919182115113
力	1	6.013229104028864E-4	2.154901959985743	0.0012957919182115113
団	1	6.013229104028864E-4	2.154901959985743	0.0012957919182115113
作曲	1	6.013229104028864E-4	2.154901959985743	0.0012957919182115113
市内	1	6.013229104028864E-4	2.154901959985743	0.0012957919182115113
比	1	6.013229104028864E-4	2.154901959985743	0.0012957919182115113
右	1	6.013229104028864E-4	2.154901959985743	0.0012957919182115113
日本語	1	6.013229104028864E-4	2.0969100130080562	0.0012609200318749586
重要	1	6.013229104028864E-4	2.0969100130080562	0.0012609200318749586
体制	1	6.013229104028864E-4	2.0969100130080562	0.0012609200318749586
通常	1	6.013229104028864E-4	2.0969100130080562	0.0012609200318749586
法律	1	6.013229104028864E-4	2.0969100130080562	0.0012609200318749586
専用	1	6.013229104028864E-4	2.0969100130080562	0.0012609200318749586
委員	1	6.013229104028864E-4	2.0969100130080562	0.0012609200318749586
すべて	1	6.013229104028864E-4	2.0969100130080562	0.0012609200318749586
整備	1	6.013229104028864E-4	2.0969100130080562	0.0012609200318749586
大戦	1	6.013229104028864E-4	2.0969100130080562	0.0012609200318749586
困難	1	6.013229104028864E-4	2.0969100130080562	0.0012609200318749586
世	1	6.013229104028864E-4	2.0969100130080562	0.0012609200318749586
制	1	6.013229104028864E-4	2.0969100130080562	0.0012609200318749586
獲得	1	6.013229104028864E-4	2.0969100130080562	0.0012609200318749586
対立	1	6.013229104028864E-4	2.0969100130080562	0.0012609200318749586
近く	1	6.013229104028864E-4	2.0969100130080562	0.0012609200318749586
集	1	6.013229104028864E-4	2.0969100130080562	0.0012609200318749586
制度	1	6.013229104028864E-4	2.0969100130080562	0.0012609200318749586
もと	1	6.013229104028864E-4	2.045757490560675	0.0012301608482024502
卒業	1	6.013229104028864E-4	2.045757490560675	0.0012301608482024502
最後	1	6.013229104028864E-4	2.045757490560675	0.0012301608482024502
記述	1	6.013229104028864E-4	2.045757490560675	0.0012301608482024502
病院	1	6.013229104028864E-4	2.045757490560675	0.0012301608482024502
中学校	1	6.013229104028864E-4	2.045757490560675	0.0012301608482024502
環境	1	6.013229104028864E-4	2.045757490560675	0.0012301608482024502
色	1	6.013229104028864E-4	2.045757490560675	0.0012301608482024502
事実	1	6.013229104028864E-4	2.045757490560675	0.0012301608482024502
プロジェクト	1	6.013229104028864E-4	2.045757490560675	0.0012301608482024502
章	1	6.013229104028864E-4	2.045757490560675	0.0012301608482024502
特徴	1	6.013229104028864E-4	2.0	0.0012026458208057728
設立	1	6.013229104028864E-4	2.0	0.0012026458208057728
子供	1	6.013229104028864E-4	2.0	0.0012026458208057728
店	1	6.013229104028864E-4	2.0	0.0012026458208057728
何	1	6.013229104028864E-4	2.0	0.0012026458208057728
対象	1	6.013229104028864E-4	1.958607314841775	0.0011777554508970386
没	1	6.013229104028864E-4	1.958607314841775	0.0011777554508970386
発展	1	6.013229104028864E-4	1.958607314841775	0.0011777554508970386
これら	1	6.013229104028864E-4	1.958607314841775	0.0011777554508970386
手	1	6.013229104028864E-4	1.958607314841775	0.0011777554508970386
同様	1	6.013229104028864E-4	1.958607314841775	0.0011777554508970386
はじめ	1	6.013229104028864E-4	1.958607314841775	0.0011777554508970386
記録	1	6.013229104028864E-4	1.9208187539523753	0.001155032323483088
中央	1	6.013229104028864E-4	1.9208187539523753	0.001155032323483088
規模	1	6.013229104028864E-4	1.9208187539523753	0.001155032323483088
最初	1	6.013229104028864E-4	1.9208187539523753	0.001155032323483088
映画	1	6.013229104028864E-4	1.9208187539523753	0.001155032323483088
音楽	1	6.013229104028864E-4	1.9208187539523753	0.001155032323483088
廃止	1	6.013229104028864E-4	1.8860566476931633	0.0011341290725755643
夏	1	6.013229104028864E-4	1.8860566476931633	0.0011341290725755643
発生	1	6.013229104028864E-4	1.8860566476931633	0.0011341290725755643
教育	1	6.013229104028864E-4	1.8860566476931633	0.0011341290725755643
地域	1	6.013229104028864E-4	1.8860566476931633	0.0011341290725755643
回	1	6.013229104028864E-4	1.8860566476931633	0.0011341290725755643
高等	1	6.013229104028864E-4	1.8860566476931633	0.0011341290725755643
同年	1	6.013229104028864E-4	1.8860566476931633	0.0011341290725755643
女性	1	6.013229104028864E-4	1.853871964321762	0.0011147756851002779
参加	1	6.013229104028864E-4	1.853871964321762	0.0011147756851002779
位	1	6.013229104028864E-4	1.853871964321762	0.0011147756851002779
センター	1	6.013229104028864E-4	1.853871964321762	0.0011147756851002779
多数	1	6.013229104028864E-4	1.853871964321762	0.0011147756851002779
頃	1	6.013229104028864E-4	1.8239087409443187	0.0010967581124139017
ら	1	6.013229104028864E-4	1.8239087409443187	0.0010967581124139017
所在地	1	6.013229104028864E-4	1.8239087409443187	0.0010967581124139017
年度	1	6.013229104028864E-4	1.8239087409443187	0.0010967581124139017
参照	1	6.013229104028864E-4	1.7958800173440752	0.0010799037987637254
多く	1	6.013229104028864E-4	1.7958800173440752	0.0010799037987637254
機関	1	6.013229104028864E-4	1.7958800173440752	0.0010799037987637254
学校	1	6.013229104028864E-4	1.7695510786217261	0.0010640716047033833
万	1	6.013229104028864E-4	1.7695510786217261	0.0010640716047033833
軍	1	6.013229104028864E-4	1.7695510786217261	0.0010640716047033833
中心	1	6.013229104028864E-4	1.7695510786217261	0.0010640716047033833
以降	1	6.013229104028864E-4	1.744727494896694	0.0010491446150912172
型	1	6.013229104028864E-4	1.744727494896694	0.0010491446150912172
局	1	6.013229104028864E-4	1.7212463990471711	0.001035024894195533
さ	1	6.013229104028864E-4	1.7212463990471711	0.001035024894195533
交通	1	6.013229104028864E-4	1.7212463990471711	0.001035024894195533
度	1	6.013229104028864E-4	1.7212463990471711	0.001035024894195533
年生	1	6.013229104028864E-4	1.6989700043360187	0.0010216295876945393
所	1	6.013229104028864E-4	1.6989700043360187	0.0010216295876945393
可能	1	6.013229104028864E-4	1.6989700043360187	0.0010216295876945393
当時	1	6.013229104028864E-4	1.6575773191777938	9.967392177858052E-4
年代	1	6.013229104028864E-4	1.6575773191777938	9.967392177858052E-4
次	1	6.013229104028864E-4	1.6575773191777938	9.967392177858052E-4
必要	1	6.013229104028864E-4	1.638272163982407	9.851305856779357E-4
他	1	6.013229104028864E-4	1.638272163982407	9.851305856779357E-4
部	1	6.013229104028864E-4	1.619788758288394	9.740160903718546E-4
会	1	6.013229104028864E-4	1.619788758288394	9.740160903718546E-4
前	1	6.013229104028864E-4	1.585026652029182	9.531128394643308E-4
間	1	6.013229104028864E-4	1.5686362358410126	9.432569066993462E-4
存在	1	6.013229104028864E-4	1.5686362358410126	9.432569066993462E-4
歴史	1	6.013229104028864E-4	1.5686362358410126	9.432569066993462E-4
性	1	6.013229104028864E-4	1.5228787452803376	9.157418793026685E-4
号	1	6.013229104028864E-4	1.5228787452803376	9.157418793026685E-4
時	1	6.013229104028864E-4	1.5086383061657274	9.071787770088559E-4
名	1	6.013229104028864E-4	1.494850021680094	8.988875656524919E-4
使用	1	6.013229104028864E-4	1.4685210829577449	8.830553715921497E-4
記事	1	6.013229104028864E-4	1.4685210829577449	8.830553715921497E-4
一	1	6.013229104028864E-4	1.3665315444204136	8.217267254482343E-4
表	1	6.013229104028864E-4	1.3467874862246563	8.098541709107976E-4
現在	1	6.013229104028864E-4	1.3467874862246563	8.098541709107976E-4
・	1	6.013229104028864E-4	1.337242168318426	8.041143525667024E-4
編	1	6.013229104028864E-4	1.3279021420642825	7.984979807963214E-4
目次	1	6.013229104028864E-4	1.1426675035687315	6.871121488687501E-4
作成	1	6.013229104028864E-4	1.00436480540245	6.039475678908299E-4
カテゴリ	1	6.013229104028864E-4	1.00436480540245	6.039475678908299E-4
移動	1	6.013229104028864E-4	1.0	6.013229104028864E-4
事典	1	6.013229104028864E-4	1.0	6.013229104028864E-4
フリー	1	6.013229104028864E-4	1.0	6.013229104028864E-4
百科	1	6.013229104028864E-4	1.0	6.013229104028864E-4
検索	1	6.013229104028864E-4	1.0	6.013229104028864E-4
