#語	出現回数	TF	IDF	TF-IDF	
豊田	47	0.030244530244530245	3.0	0.09073359073359073
海軍	30	0.019305019305019305	2.3979400086720375	0.04629227815969184
大臣	27	0.017374517374517374	2.5228787452803374	0.04383380059367382
年	61	0.039253539253539256	1.0409586076789064	0.04086130956783352
次官	13	0.008365508365508366	2.6989700043360187	0.022578256149529116
外務	10	0.006435006435006435	3.0	0.019305019305019305
昭和	17	0.010939510939510939	1.6777807052660807	0.018354100379358668
貞次郎	9	0.005791505791505791	3.0	0.017374517374517374
近衛	9	0.005791505791505791	2.6989700043360187	0.015631100411212462
内閣	9	0.005791505791505791	2.6989700043360187	0.015631100411212462
鉄鋼	7	0.0045045045045045045	3.0	0.013513513513513514
昇進	8	0.005148005148005148	2.3979400086720375	0.012344607509251157
帰国	7	0.0045045045045045045	2.6989700043360187	0.012157522542054138
大将	7	0.0045045045045045045	2.6989700043360187	0.012157522542054138
月	15	0.009652509652509652	1.1307682802690238	0.010914751740048492
外務省	6	0.003861003861003861	2.6989700043360187	0.010420733607474976
山本	6	0.003861003861003861	2.3979400086720375	0.009258455631938368
就任	7	0.0045045045045045045	2.045757490560675	0.00921512383135439
学校	8	0.005148005148005148	1.7695510786217261	0.009109658062402708
長	8	0.005148005148005148	1.7695510786217261	0.009109658062402708
吉田	6	0.003861003861003861	2.3010299956639813	0.00888428569754433
軍需	5	0.0032175032175032173	2.6989700043360187	0.008683944672895813
大日本帝国	5	0.0032175032175032173	2.6989700043360187	0.008683944672895813
長官	5	0.0032175032175032173	2.6989700043360187	0.008683944672895813
鎮守	5	0.0032175032175032173	2.6989700043360187	0.008683944672895813
先代	5	0.0032175032175032173	2.6989700043360187	0.008683944672895813
次代	5	0.0032175032175032173	2.6989700043360187	0.008683944672895813
太郎	6	0.003861003861003861	2.221848749616356	0.008578566600835353
本部	6	0.003861003861003861	2.221848749616356	0.008578566600835353
交渉	5	0.0032175032175032173	2.5228787452803374	0.008117370480309966
責任	5	0.0032175032175032173	2.5228787452803374	0.008117370480309966
後	10	0.006435006435006435	1.2596373105057561	0.00810577419887874
卒業	6	0.003861003861003861	2.045757490560675	0.007898677569732336
大隈	4	0.002574002574002574	3.0	0.007722007722007722
及川	4	0.002574002574002574	3.0	0.007722007722007722
宮	4	0.002574002574002574	3.0	0.007722007722007722
茂徳	4	0.002574002574002574	3.0	0.007722007722007722
高明	4	0.002574002574002574	3.0	0.007722007722007722
重信	4	0.002574002574002574	3.0	0.007722007722007722
軍人	5	0.0032175032175032173	2.3979400086720375	0.007715379693281973
茂	5	0.0032175032175032173	2.3979400086720375	0.007715379693281973
日	10	0.006435006435006435	1.1804560644581312	0.007596242371030445
大正	6	0.003861003861003861	1.9208187539523753	0.007416288625298747
ため	9	0.005791505791505791	1.2291479883578558	0.007118617693192214
同盟	4	0.002574002574002574	2.6989700043360187	0.00694715573831665
辞職	4	0.002574002574002574	2.6989700043360187	0.00694715573831665
和歌山	4	0.002574002574002574	2.6989700043360187	0.00694715573831665
佐世保	4	0.002574002574002574	2.6989700043360187	0.00694715573831665
府	5	0.0032175032175032173	2.0969100130080562	0.006746814713668134
米	5	0.0032175032175032173	2.045757490560675	0.006582231308110279
商工	4	0.002574002574002574	2.5228787452803374	0.006493896384247973
艦	4	0.002574002574002574	2.5228787452803374	0.006493896384247973
加藤	4	0.002574002574002574	2.5228787452803374	0.006493896384247973
東郷	4	0.002574002574002574	2.5228787452803374	0.006493896384247973
事務	4	0.002574002574002574	2.3979400086720375	0.006172303754625579
日本	8	0.005148005148005148	1.1870866433571445	0.006111128151130731
代	5	0.0032175032175032173	1.8860566476931633	0.006068393332346085
政治	4	0.002574002574002574	2.3010299956639813	0.005922857131696219
随員	3	0.0019305019305019305	3.0	0.005791505791505792
洋右	3	0.0019305019305019305	3.0	0.005791505791505792
後任	3	0.0019305019305019305	3.0	0.005791505791505792
重光	3	0.0019305019305019305	3.0	0.005791505791505792
軍縮	3	0.0019305019305019305	3.0	0.005791505791505792
洋平	3	0.0019305019305019305	3.0	0.005791505791505792
河野	3	0.0019305019305019305	3.0	0.005791505791505792
鐵	3	0.0019305019305019305	3.0	0.005791505791505792
康哉	3	0.0019305019305019305	3.0	0.005791505791505792
軍務	3	0.0019305019305019305	3.0	0.005791505791505792
砲術	3	0.0019305019305019305	3.0	0.005791505791505792
宣嘉	3	0.0019305019305019305	3.0	0.005791505791505792
親王	3	0.0019305019305019305	3.0	0.005791505791505792
更迭	3	0.0019305019305019305	3.0	0.005791505791505792
閣僚	3	0.0019305019305019305	3.0	0.005791505791505792
生産	4	0.002574002574002574	2.221848749616356	0.005719044400556901
外国	4	0.002574002574002574	2.154901959985743	0.005546723191726494
時代	6	0.003861003861003861	1.408935392973501	0.005439904992175679
武	4	0.002574002574002574	2.0969100130080562	0.005397451770934507
の	6	0.003861003861003861	1.3767507096020997	0.005315639805413512
首相	3	0.0019305019305019305	2.6989700043360187	0.005210366803737488
改造	3	0.0019305019305019305	2.6989700043360187	0.005210366803737488
策	3	0.0019305019305019305	2.6989700043360187	0.005210366803737488
船団	3	0.0019305019305019305	2.6989700043360187	0.005210366803737488
葵	3	0.0019305019305019305	2.6989700043360187	0.005210366803737488
八郎	3	0.0019305019305019305	2.6989700043360187	0.005210366803737488
松岡	3	0.0019305019305019305	2.6989700043360187	0.005210366803737488
兼任	3	0.0019305019305019305	2.6989700043360187	0.005210366803737488
工廠	3	0.0019305019305019305	2.6989700043360187	0.005210366803737488
有田	3	0.0019305019305019305	2.6989700043360187	0.005210366803737488
参謀	3	0.0019305019305019305	2.6989700043360187	0.005210366803737488
明治	4	0.002574002574002574	1.9208187539523753	0.004944192416865831
号	5	0.0032175032175032173	1.5228787452803376	0.004899867262806749
運輸	3	0.0019305019305019305	2.5228787452803374	0.0048704222881859795
内田	3	0.0019305019305019305	2.5228787452803374	0.0048704222881859795
政	3	0.0019305019305019305	2.5228787452803374	0.0048704222881859795
人物	5	0.0032175032175032173	1.5086383061657274	0.004854048604136831
郎	3	0.0019305019305019305	2.3979400086720375	0.004629227815969184
艦隊	3	0.0019305019305019305	2.3979400086720375	0.004629227815969184
海外	3	0.0019305019305019305	2.3979400086720375	0.004629227815969184
派遣	3	0.0019305019305019305	2.3979400086720375	0.004629227815969184
通信	3	0.0019305019305019305	2.3979400086720375	0.004629227815969184
対	3	0.0019305019305019305	2.3979400086720375	0.004629227815969184
労働	3	0.0019305019305019305	2.3979400086720375	0.004629227815969184
沢	3	0.0019305019305019305	2.3979400086720375	0.004629227815969184
確保	3	0.0019305019305019305	2.3979400086720375	0.004629227815969184
会議	3	0.0019305019305019305	2.3979400086720375	0.004629227815969184
県	5	0.0032175032175032173	1.431798275933005	0.004606815559630003
成立	3	0.0019305019305019305	2.3010299956639813	0.004442142848772165
現場	3	0.0019305019305019305	2.3010299956639813	0.004442142848772165
一	5	0.0032175032175032173	1.3665315444204136	0.0043968196409923214
戦後	3	0.0019305019305019305	2.221848749616356	0.0042892833004176765
ロンドン	3	0.0019305019305019305	2.221848749616356	0.0042892833004176765
出身	4	0.002574002574002574	1.6575773191777938	0.004266608286171927
科	3	0.0019305019305019305	2.154901959985743	0.004160042393794871
力	3	0.0019305019305019305	2.154901959985743	0.004160042393794871
航空	3	0.0019305019305019305	2.154901959985743	0.004160042393794871
井上	3	0.0019305019305019305	2.0969100130080562	0.004048088828200881
法律	3	0.0019305019305019305	2.0969100130080562	0.004048088828200881
イギリス	3	0.0019305019305019305	2.045757490560675	0.003949338784866168
編集	6	0.003861003861003861	1.0177287669604316	0.003929454698688925
家	4	0.002574002574002574	1.5086383061657274	0.0038832388833094653
時	4	0.002574002574002574	1.5086383061657274	0.0038832388833094653
製	3	0.0019305019305019305	2.0	0.003861003861003861
善太郎	2	0.001287001287001287	3.0	0.003861003861003861
山階	2	0.001287001287001287	3.0	0.003861003861003861
園田	2	0.001287001287001287	3.0	0.003861003861003861
将官	2	0.001287001287001287	3.0	0.003861003861003861
副島	2	0.001287001287001287	3.0	0.003861003861003861
正彦	2	0.001287001287001287	3.0	0.003861003861003861
肌	2	0.001287001287001287	3.0	0.003861003861003861
招聘	2	0.001287001287001287	3.0	0.003861003861003861
吉三郎	2	0.001287001287001287	3.0	0.003861003861003861
部長	2	0.001287001287001287	3.0	0.003861003861003861
馨	2	0.001287001287001287	3.0	0.003861003861003861
顧問	2	0.001287001287001287	3.0	0.003861003861003861
文麿	2	0.001287001287001287	3.0	0.003861003861003861
大平	2	0.001287001287001287	3.0	0.003861003861003861
廣田	2	0.001287001287001287	3.0	0.003861003861003861
拓	2	0.001287001287001287	3.0	0.003861003861003861
補職	2	0.001287001287001287	3.0	0.003861003861003861
公望	2	0.001287001287001287	3.0	0.003861003861003861
博	2	0.001287001287001287	3.0	0.003861003861003861
正芳	2	0.001287001287001287	3.0	0.003861003861003861
主力	2	0.001287001287001287	3.0	0.003861003861003861
半年	2	0.001287001287001287	3.0	0.003861003861003861
対ソ	2	0.001287001287001287	3.0	0.003861003861003861
公職	2	0.001287001287001287	3.0	0.003861003861003861
辞表	2	0.001287001287001287	3.0	0.003861003861003861
寺内	2	0.001287001287001287	3.0	0.003861003861003861
留任	2	0.001287001287001287	3.0	0.003861003861003861
正毅	2	0.001287001287001287	3.0	0.003861003861003861
総裁	2	0.001287001287001287	3.0	0.003861003861003861
峯	2	0.001287001287001287	3.0	0.003861003861003861
武官	2	0.001287001287001287	3.0	0.003861003861003861
小坂	2	0.001287001287001287	3.0	0.003861003861003861
小村	2	0.001287001287001287	3.0	0.003861003861003861
種臣	2	0.001287001287001287	3.0	0.003861003861003861
英機	2	0.001287001287001287	3.0	0.003861003861003861
陸海	2	0.001287001287001287	3.0	0.003861003861003861
晃	2	0.001287001287001287	3.0	0.003861003861003861
幣	2	0.001287001287001287	3.0	0.003861003861003861
周藏	2	0.001287001287001287	3.0	0.003861003861003861
喜重郎	2	0.001287001287001287	3.0	0.003861003861003861
五十六	2	0.001287001287001287	3.0	0.003861003861003861
西園寺	2	0.001287001287001287	3.0	0.003861003861003861
ルーズベルト	2	0.001287001287001287	3.0	0.003861003861003861
念願	2	0.001287001287001287	3.0	0.003861003861003861
宗城	2	0.001287001287001287	3.0	0.003861003861003861
東條	2	0.001287001287001287	3.0	0.003861003861003861
首席	2	0.001287001287001287	3.0	0.003861003861003861
高村	2	0.001287001287001287	3.0	0.003861003861003861
信孝	2	0.001287001287001287	3.0	0.003861003861003861
澤	2	0.001287001287001287	3.0	0.003861003861003861
弘毅	2	0.001287001287001287	3.0	0.003861003861003861
着任	2	0.001287001287001287	3.0	0.003861003861003861
年間	3	0.0019305019305019305	1.958607314841775	0.003781095202397249
法	3	0.0019305019305019305	1.8239087409443187	0.0035210593454523525
階級	2	0.001287001287001287	2.6989700043360187	0.003473577869158325
壽	2	0.001287001287001287	2.6989700043360187	0.003473577869158325
戦隊	2	0.001287001287001287	2.6989700043360187	0.003473577869158325
局長	2	0.001287001287001287	2.6989700043360187	0.003473577869158325
町村	2	0.001287001287001287	2.6989700043360187	0.003473577869158325
会長	2	0.001287001287001287	2.6989700043360187	0.003473577869158325
青木	2	0.001287001287001287	2.6989700043360187	0.003473577869158325
伊達	2	0.001287001287001287	2.6989700043360187	0.003473577869158325
エリート	2	0.001287001287001287	2.6989700043360187	0.003473577869158325
務	2	0.001287001287001287	2.6989700043360187	0.003473577869158325
シドニー	2	0.001287001287001287	2.6989700043360187	0.003473577869158325
締結	2	0.001287001287001287	2.6989700043360187	0.003473577869158325
ポスト	2	0.001287001287001287	2.6989700043360187	0.003473577869158325
古賀	2	0.001287001287001287	2.6989700043360187	0.003473577869158325
大使館	2	0.001287001287001287	2.6989700043360187	0.003473577869158325
開戦	2	0.001287001287001287	2.6989700043360187	0.003473577869158325
経験	2	0.001287001287001287	2.6989700043360187	0.003473577869158325
特務	2	0.001287001287001287	2.6989700043360187	0.003473577869158325
林	2	0.001287001287001287	2.6989700043360187	0.003473577869158325
設置	3	0.0019305019305019305	1.7958800173440752	0.0034669498404325777
軍	3	0.0019305019305019305	1.7695510786217261	0.003416121773401016
賛成	2	0.001287001287001287	2.5228787452803374	0.0032469481921239864
実業	2	0.001287001287001287	2.5228787452803374	0.0032469481921239864
護衛	2	0.001287001287001287	2.5228787452803374	0.0032469481921239864
将来	2	0.001287001287001287	2.5228787452803374	0.0032469481921239864
追放	2	0.001287001287001287	2.5228787452803374	0.0032469481921239864
附	2	0.001287001287001287	2.5228787452803374	0.0032469481921239864
工場	2	0.001287001287001287	2.5228787452803374	0.0032469481921239864
会談	2	0.001287001287001287	2.5228787452803374	0.0032469481921239864
田中	2	0.001287001287001287	2.5228787452803374	0.0032469481921239864
野村	2	0.001287001287001287	2.5228787452803374	0.0032469481921239864
三	3	0.0019305019305019305	1.6020599913279625	0.0030927799060385375
太平洋戦争	2	0.001287001287001287	2.3979400086720375	0.0030861518773127893
兵	2	0.001287001287001287	2.3979400086720375	0.0030861518773127893
命令	2	0.001287001287001287	2.3979400086720375	0.0030861518773127893
鈴木	2	0.001287001287001287	2.3979400086720375	0.0030861518773127893
引退	2	0.001287001287001287	2.3979400086720375	0.0030861518773127893
オーストラリア	2	0.001287001287001287	2.3979400086720375	0.0030861518773127893
社長	2	0.001287001287001287	2.3979400086720375	0.0030861518773127893
作戦	2	0.001287001287001287	2.3979400086720375	0.0030861518773127893
直	2	0.001287001287001287	2.3979400086720375	0.0030861518773127893
航空機	2	0.001287001287001287	2.3979400086720375	0.0030861518773127893
者	4	0.002574002574002574	1.1870866433571445	0.0030555640755653654
軍事	2	0.001287001287001287	2.3010299956639813	0.0029614285658481096
指揮	2	0.001287001287001287	2.3010299956639813	0.0029614285658481096
条約	2	0.001287001287001287	2.3010299956639813	0.0029614285658481096
成功	2	0.001287001287001287	2.3010299956639813	0.0029614285658481096
事情	2	0.001287001287001287	2.3010299956639813	0.0029614285658481096
生涯	2	0.001287001287001287	2.3010299956639813	0.0029614285658481096
輸送	2	0.001287001287001287	2.3010299956639813	0.0029614285658481096
歴代	2	0.001287001287001287	2.221848749616356	0.0028595222002784507
自ら	2	0.001287001287001287	2.221848749616356	0.0028595222002784507
ヶ月	2	0.001287001287001287	2.221848749616356	0.0028595222002784507
入学	2	0.001287001287001287	2.221848749616356	0.0028595222002784507
特殊	2	0.001287001287001287	2.154901959985743	0.002773361595863247
減少	2	0.001287001287001287	2.154901959985743	0.002773361595863247
以来	2	0.001287001287001287	2.154901959985743	0.002773361595863247
最終	2	0.001287001287001287	2.154901959985743	0.002773361595863247
省	2	0.001287001287001287	2.154901959985743	0.002773361595863247
整備	2	0.001287001287001287	2.0969100130080562	0.0026987258854672537
原	2	0.001287001287001287	2.0969100130080562	0.0026987258854672537
大戦	2	0.001287001287001287	2.0969100130080562	0.0026987258854672537
学生	2	0.001287001287001287	2.0969100130080562	0.0026987258854672537
国内	2	0.001287001287001287	2.045757490560675	0.0026328925232441116
期	2	0.001287001287001287	2.045757490560675	0.0026328925232441116
英	2	0.001287001287001287	2.0	0.002574002574002574
戦争	2	0.001287001287001287	1.958607314841775	0.0025207301349314992
自身	2	0.001287001287001287	1.8860566476931633	0.002427357332938434
戦	2	0.001287001287001287	1.853871964321762	0.0023859356040177118
生活	2	0.001287001287001287	1.853871964321762	0.0023859356040177118
位	2	0.001287001287001287	1.853871964321762	0.0023859356040177118
ら	2	0.001287001287001287	1.8239087409443187	0.002347372896968235
所属	2	0.001287001287001287	1.8239087409443187	0.002347372896968235
東京	2	0.001287001287001287	1.744727494896694	0.0022454665313985764
次	2	0.001287001287001287	1.6575773191777938	0.0021333041430859636
一覧	2	0.001287001287001287	1.6575773191777938	0.0021333041430859636
必要	2	0.001287001287001287	1.638272163982407	0.002108458383503741
前	2	0.001287001287001287	1.585026652029182	0.0020399313410928983
世界	2	0.001287001287001287	1.5686362358410126	0.0020188368543642378
間	2	0.001287001287001287	1.5686362358410126	0.0020188368543642378
国	2	0.001287001287001287	1.5528419686577808	0.001998509612172176
歴	2	0.001287001287001287	1.5086383061657274	0.0019416194416547326
一三	1	6.435006435006435E-4	3.0	0.0019305019305019305
次期	1	6.435006435006435E-4	3.0	0.0019305019305019305
阿武隈	1	6.435006435006435E-4	3.0	0.0019305019305019305
面識	1	6.435006435006435E-4	3.0	0.0019305019305019305
本野	1	6.435006435006435E-4	3.0	0.0019305019305019305
慶四郎	1	6.435006435006435E-4	3.0	0.0019305019305019305
宮中	1	6.435006435006435E-4	3.0	0.0019305019305019305
寺島	1	6.435006435006435E-4	3.0	0.0019305019305019305
司政	1	6.435006435006435E-4	3.0	0.0019305019305019305
潜水	1	6.435006435006435E-4	3.0	0.0019305019305019305
愛一郎	1	6.435006435006435E-4	3.0	0.0019305019305019305
首位	1	6.435006435006435E-4	3.0	0.0019305019305019305
連携	1	6.435006435006435E-4	3.0	0.0019305019305019305
恭	1	6.435006435006435E-4	3.0	0.0019305019305019305
顯	1	6.435006435006435E-4	3.0	0.0019305019305019305
財部	1	6.435006435006435E-4	3.0	0.0019305019305019305
久世	1	6.435006435006435E-4	3.0	0.0019305019305019305
古志	1	6.435006435006435E-4	3.0	0.0019305019305019305
抜群	1	6.435006435006435E-4	3.0	0.0019305019305019305
行彦	1	6.435006435006435E-4	3.0	0.0019305019305019305
嘉文	1	6.435006435006435E-4	3.0	0.0019305019305019305
宗光	1	6.435006435006435E-4	3.0	0.0019305019305019305
千歳	1	6.435006435006435E-4	3.0	0.0019305019305019305
局員	1	6.435006435006435E-4	3.0	0.0019305019305019305
貫太郎	1	6.435006435006435E-4	3.0	0.0019305019305019305
即日	1	6.435006435006435E-4	3.0	0.0019305019305019305
副長	1	6.435006435006435E-4	3.0	0.0019305019305019305
原点	1	6.435006435006435E-4	3.0	0.0019305019305019305
若返り	1	6.435006435006435E-4	3.0	0.0019305019305019305
失	1	6.435006435006435E-4	3.0	0.0019305019305019305
不足	1	6.435006435006435E-4	3.0	0.0019305019305019305
水雷	1	6.435006435006435E-4	3.0	0.0019305019305019305
弘文	1	6.435006435006435E-4	3.0	0.0019305019305019305
転向	1	6.435006435006435E-4	3.0	0.0019305019305019305
軍令	1	6.435006435006435E-4	3.0	0.0019305019305019305
信太郎	1	6.435006435006435E-4	3.0	0.0019305019305019305
返書	1	6.435006435006435E-4	3.0	0.0019305019305019305
勉学	1	6.435006435006435E-4	3.0	0.0019305019305019305
宮澤	1	6.435006435006435E-4	3.0	0.0019305019305019305
雌伏	1	6.435006435006435E-4	3.0	0.0019305019305019305
威一郎	1	6.435006435006435E-4	3.0	0.0019305019305019305
慰留	1	6.435006435006435E-4	3.0	0.0019305019305019305
正反対	1	6.435006435006435E-4	3.0	0.0019305019305019305
後者	1	6.435006435006435E-4	3.0	0.0019305019305019305
陸奥	1	6.435006435006435E-4	3.0	0.0019305019305019305
赳夫	1	6.435006435006435E-4	3.0	0.0019305019305019305
陳列	1	6.435006435006435E-4	3.0	0.0019305019305019305
苦労人	1	6.435006435006435E-4	3.0	0.0019305019305019305
紀伊田辺	1	6.435006435006435E-4	3.0	0.0019305019305019305
少将	1	6.435006435006435E-4	3.0	0.0019305019305019305
一途	1	6.435006435006435E-4	3.0	0.0019305019305019305
横滑り	1	6.435006435006435E-4	3.0	0.0019305019305019305
則	1	6.435006435006435E-4	3.0	0.0019305019305019305
仁和寺	1	6.435006435006435E-4	3.0	0.0019305019305019305
美智雄	1	6.435006435006435E-4	3.0	0.0019305019305019305
福利	1	6.435006435006435E-4	3.0	0.0019305019305019305
悦三郎	1	6.435006435006435E-4	3.0	0.0019305019305019305
比叡	1	6.435006435006435E-4	3.0	0.0019305019305019305
尚武	1	6.435006435006435E-4	3.0	0.0019305019305019305
武夫	1	6.435006435006435E-4	3.0	0.0019305019305019305
銑	1	6.435006435006435E-4	3.0	0.0019305019305019305
あからさま	1	6.435006435006435E-4	3.0	0.0019305019305019305
徳太郎	1	6.435006435006435E-4	3.0	0.0019305019305019305
知久平	1	6.435006435006435E-4	3.0	0.0019305019305019305
勅	1	6.435006435006435E-4	3.0	0.0019305019305019305
本命	1	6.435006435006435E-4	3.0	0.0019305019305019305
菊次郎	1	6.435006435006435E-4	3.0	0.0019305019305019305
余地	1	6.435006435006435E-4	3.0	0.0019305019305019305
大佐	1	6.435006435006435E-4	3.0	0.0019305019305019305
信介	1	6.435006435006435E-4	3.0	0.0019305019305019305
受理	1	6.435006435006435E-4	3.0	0.0019305019305019305
採択	1	6.435006435006435E-4	3.0	0.0019305019305019305
予備	1	6.435006435006435E-4	3.0	0.0019305019305019305
ジュネーブ	1	6.435006435006435E-4	3.0	0.0019305019305019305
藤山	1	6.435006435006435E-4	3.0	0.0019305019305019305
半生	1	6.435006435006435E-4	3.0	0.0019305019305019305
日山	1	6.435006435006435E-4	3.0	0.0019305019305019305
倉成	1	6.435006435006435E-4	3.0	0.0019305019305019305
甲種	1	6.435006435006435E-4	3.0	0.0019305019305019305
純一郎	1	6.435006435006435E-4	3.0	0.0019305019305019305
知事	1	6.435006435006435E-4	3.0	0.0019305019305019305
半	1	6.435006435006435E-4	3.0	0.0019305019305019305
入校	1	6.435006435006435E-4	3.0	0.0019305019305019305
織本	1	6.435006435006435E-4	3.0	0.0019305019305019305
孜	1	6.435006435006435E-4	3.0	0.0019305019305019305
陰口	1	6.435006435006435E-4	3.0	0.0019305019305019305
異動	1	6.435006435006435E-4	3.0	0.0019305019305019305
和平	1	6.435006435006435E-4	3.0	0.0019305019305019305
中尉	1	6.435006435006435E-4	3.0	0.0019305019305019305
義一	1	6.435006435006435E-4	3.0	0.0019305019305019305
三塚	1	6.435006435006435E-4	3.0	0.0019305019305019305
顕示	1	6.435006435006435E-4	3.0	0.0019305019305019305
宛	1	6.435006435006435E-4	3.0	0.0019305019305019305
踏み台	1	6.435006435006435E-4	3.0	0.0019305019305019305
毅	1	6.435006435006435E-4	3.0	0.0019305019305019305
面目	1	6.435006435006435E-4	3.0	0.0019305019305019305
實	1	6.435006435006435E-4	3.0	0.0019305019305019305
小渕	1	6.435006435006435E-4	3.0	0.0019305019305019305
喜一	1	6.435006435006435E-4	3.0	0.0019305019305019305
合弁	1	6.435006435006435E-4	3.0	0.0019305019305019305
謙吉	1	6.435006435006435E-4	3.0	0.0019305019305019305
順子	1	6.435006435006435E-4	3.0	0.0019305019305019305
一成	1	6.435006435006435E-4	3.0	0.0019305019305019305
眞紀子	1	6.435006435006435E-4	3.0	0.0019305019305019305
命脈	1	6.435006435006435E-4	3.0	0.0019305019305019305
書簡	1	6.435006435006435E-4	3.0	0.0019305019305019305
義雄	1	6.435006435006435E-4	3.0	0.0019305019305019305
現職	1	6.435006435006435E-4	3.0	0.0019305019305019305
落胆	1	6.435006435006435E-4	3.0	0.0019305019305019305
恵三	1	6.435006435006435E-4	3.0	0.0019305019305019305
要綱	1	6.435006435006435E-4	3.0	0.0019305019305019305
外語	1	6.435006435006435E-4	3.0	0.0019305019305019305
呉	1	6.435006435006435E-4	3.0	0.0019305019305019305
牧野	1	6.435006435006435E-4	3.0	0.0019305019305019305
佐武郎	1	6.435006435006435E-4	3.0	0.0019305019305019305
思惑	1	6.435006435006435E-4	3.0	0.0019305019305019305
董	1	6.435006435006435E-4	3.0	0.0019305019305019305
信行	1	6.435006435006435E-4	3.0	0.0019305019305019305
岡崎	1	6.435006435006435E-4	3.0	0.0019305019305019305
就労	1	6.435006435006435E-4	3.0	0.0019305019305019305
ニュージーランド	1	6.435006435006435E-4	3.0	0.0019305019305019305
駐米	1	6.435006435006435E-4	3.0	0.0019305019305019305
平泉	1	6.435006435006435E-4	3.0	0.0019305019305019305
挫折	1	6.435006435006435E-4	3.0	0.0019305019305019305
名札	1	6.435006435006435E-4	3.0	0.0019305019305019305
厚生	1	6.435006435006435E-4	3.0	0.0019305019305019305
順吉	1	6.435006435006435E-4	3.0	0.0019305019305019305
宇垣	1	6.435006435006435E-4	3.0	0.0019305019305019305
羽田	1	6.435006435006435E-4	3.0	0.0019305019305019305
辞意	1	6.435006435006435E-4	3.0	0.0019305019305019305
吐露	1	6.435006435006435E-4	3.0	0.0019305019305019305
武揚	1	6.435006435006435E-4	3.0	0.0019305019305019305
努力	1	6.435006435006435E-4	3.0	0.0019305019305019305
格下	1	6.435006435006435E-4	3.0	0.0019305019305019305
戦犯	1	6.435006435006435E-4	3.0	0.0019305019305019305
分隊	1	6.435006435006435E-4	3.0	0.0019305019305019305
下半期	1	6.435006435006435E-4	3.0	0.0019305019305019305
優先	1	6.435006435006435E-4	3.0	0.0019305019305019305
懸案	1	6.435006435006435E-4	3.0	0.0019305019305019305
博文	1	6.435006435006435E-4	3.0	0.0019305019305019305
画策	1	6.435006435006435E-4	3.0	0.0019305019305019305
政務	1	6.435006435006435E-4	3.0	0.0019305019305019305
口出し	1	6.435006435006435E-4	3.0	0.0019305019305019305
打開	1	6.435006435006435E-4	3.0	0.0019305019305019305
安倍	1	6.435006435006435E-4	3.0	0.0019305019305019305
太政官	1	6.435006435006435E-4	3.0	0.0019305019305019305
窮状	1	6.435006435006435E-4	3.0	0.0019305019305019305
離職	1	6.435006435006435E-4	3.0	0.0019305019305019305
全権	1	6.435006435006435E-4	3.0	0.0019305019305019305
伊集院	1	6.435006435006435E-4	3.0	0.0019305019305019305
天王寺	1	6.435006435006435E-4	3.0	0.0019305019305019305
櫻内	1	6.435006435006435E-4	3.0	0.0019305019305019305
勝男	1	6.435006435006435E-4	3.0	0.0019305019305019305
腹案	1	6.435006435006435E-4	3.0	0.0019305019305019305
直登	1	6.435006435006435E-4	3.0	0.0019305019305019305
嘉	1	6.435006435006435E-4	3.0	0.0019305019305019305
東条	1	6.435006435006435E-4	3.0	0.0019305019305019305
可否	1	6.435006435006435E-4	3.0	0.0019305019305019305
渡	1	6.435006435006435E-4	3.0	0.0019305019305019305
執着	1	6.435006435006435E-4	3.0	0.0019305019305019305
白紙	1	6.435006435006435E-4	3.0	0.0019305019305019305
先発	1	6.435006435006435E-4	3.0	0.0019305019305019305
晋	1	6.435006435006435E-4	3.0	0.0019305019305019305
癌	1	6.435006435006435E-4	3.0	0.0019305019305019305
反り	1	6.435006435006435E-4	3.0	0.0019305019305019305
本領	1	6.435006435006435E-4	3.0	0.0019305019305019305
同郷	1	6.435006435006435E-4	3.0	0.0019305019305019305
克也	1	6.435006435006435E-4	3.0	0.0019305019305019305
打つ手	1	6.435006435006435E-4	3.0	0.0019305019305019305
宗佑	1	6.435006435006435E-4	3.0	0.0019305019305019305
左近	1	6.435006435006435E-4	3.0	0.0019305019305019305
沢本	1	6.435006435006435E-4	3.0	0.0019305019305019305
新平	1	6.435006435006435E-4	3.0	0.0019305019305019305
戦局	1	6.435006435006435E-4	3.0	0.0019305019305019305
失言	1	6.435006435006435E-4	3.0	0.0019305019305019305
乗艦	1	6.435006435006435E-4	3.0	0.0019305019305019305
唖然	1	6.435006435006435E-4	3.0	0.0019305019305019305
オックスフォード大学	1	6.435006435006435E-4	3.0	0.0019305019305019305
具視	1	6.435006435006435E-4	3.0	0.0019305019305019305
中曽根	1	6.435006435006435E-4	3.0	0.0019305019305019305
乙種	1	6.435006435006435E-4	3.0	0.0019305019305019305
嘱望	1	6.435006435006435E-4	3.0	0.0019305019305019305
繁太郎	1	6.435006435006435E-4	3.0	0.0019305019305019305
副官	1	6.435006435006435E-4	3.0	0.0019305019305019305
住山	1	6.435006435006435E-4	3.0	0.0019305019305019305
中枢	1	6.435006435006435E-4	3.0	0.0019305019305019305
如し	1	6.435006435006435E-4	3.0	0.0019305019305019305
克服	1	6.435006435006435E-4	3.0	0.0019305019305019305
宇野	1	6.435006435006435E-4	3.0	0.0019305019305019305
米蔵	1	6.435006435006435E-4	3.0	0.0019305019305019305
武藤	1	6.435006435006435E-4	3.0	0.0019305019305019305
伸	1	6.435006435006435E-4	3.0	0.0019305019305019305
正之	1	6.435006435006435E-4	3.0	0.0019305019305019305
均	1	6.435006435006435E-4	3.0	0.0019305019305019305
駐在	1	6.435006435006435E-4	3.0	0.0019305019305019305
前者	1	6.435006435006435E-4	3.0	0.0019305019305019305
榎本	1	6.435006435006435E-4	3.0	0.0019305019305019305
芦田	1	6.435006435006435E-4	3.0	0.0019305019305019305
通告	1	6.435006435006435E-4	3.0	0.0019305019305019305
督	1	6.435006435006435E-4	3.0	0.0019305019305019305
来	1	6.435006435006435E-4	3.0	0.0019305019305019305
増産	1	6.435006435006435E-4	3.0	0.0019305019305019305
捲土重来	1	6.435006435006435E-4	3.0	0.0019305019305019305
物資	1	6.435006435006435E-4	3.0	0.0019305019305019305
成美	1	6.435006435006435E-4	3.0	0.0019305019305019305
皮肉	1	6.435006435006435E-4	3.0	0.0019305019305019305
訪米	1	6.435006435006435E-4	3.0	0.0019305019305019305
悪化	1	6.435006435006435E-4	3.0	0.0019305019305019305
ブラジル	1	6.435006435006435E-4	3.0	0.0019305019305019305
邁進	1	6.435006435006435E-4	3.0	0.0019305019305019305
実美	1	6.435006435006435E-4	3.0	0.0019305019305019305
大尉	1	6.435006435006435E-4	3.0	0.0019305019305019305
撤退	1	6.435006435006435E-4	3.0	0.0019305019305019305
政界	1	6.435006435006435E-4	3.0	0.0019305019305019305
察知	1	6.435006435006435E-4	3.0	0.0019305019305019305
固辞	1	6.435006435006435E-4	3.0	0.0019305019305019305
柿	1	6.435006435006435E-4	3.0	0.0019305019305019305
よう	2	0.001287001287001287	1.3767507096020997	0.0017718799351378372
話	2	0.001287001287001287	1.3565473235138126	0.001745878151240428
伊藤	1	6.435006435006435E-4	2.6989700043360187	0.0017367889345791625
藩士	1	6.435006435006435E-4	2.6989700043360187	0.0017367889345791625
頼	1	6.435006435006435E-4	2.6989700043360187	0.0017367889345791625
朝鮮	1	6.435006435006435E-4	2.6989700043360187	0.0017367889345791625
衞	1	6.435006435006435E-4	2.6989700043360187	0.0017367889345791625
岩倉	1	6.435006435006435E-4	2.6989700043360187	0.0017367889345791625
関東軍	1	6.435006435006435E-4	2.6989700043360187	0.0017367889345791625
弘治	1	6.435006435006435E-4	2.6989700043360187	0.0017367889345791625
遠洋	1	6.435006435006435E-4	2.6989700043360187	0.0017367889345791625
製鉄	1	6.435006435006435E-4	2.6989700043360187	0.0017367889345791625
養	1	6.435006435006435E-4	2.6989700043360187	0.0017367889345791625
想定	1	6.435006435006435E-4	2.6989700043360187	0.0017367889345791625
嶋田	1	6.435006435006435E-4	2.6989700043360187	0.0017367889345791625
大	1	6.435006435006435E-4	2.6989700043360187	0.0017367889345791625
腕	1	6.435006435006435E-4	2.6989700043360187	0.0017367889345791625
官制	1	6.435006435006435E-4	2.6989700043360187	0.0017367889345791625
川口	1	6.435006435006435E-4	2.6989700043360187	0.0017367889345791625
伊東	1	6.435006435006435E-4	2.6989700043360187	0.0017367889345791625
上半期	1	6.435006435006435E-4	2.6989700043360187	0.0017367889345791625
調和	1	6.435006435006435E-4	2.6989700043360187	0.0017367889345791625
政体	1	6.435006435006435E-4	2.6989700043360187	0.0017367889345791625
差別	1	6.435006435006435E-4	2.6989700043360187	0.0017367889345791625
歴任	1	6.435006435006435E-4	2.6989700043360187	0.0017367889345791625
決着	1	6.435006435006435E-4	2.6989700043360187	0.0017367889345791625
少尉	1	6.435006435006435E-4	2.6989700043360187	0.0017367889345791625
列	1	6.435006435006435E-4	2.6989700043360187	0.0017367889345791625
自他	1	6.435006435006435E-4	2.6989700043360187	0.0017367889345791625
比率	1	6.435006435006435E-4	2.6989700043360187	0.0017367889345791625
腎臓	1	6.435006435006435E-4	2.6989700043360187	0.0017367889345791625
剛	1	6.435006435006435E-4	2.6989700043360187	0.0017367889345791625
三条	1	6.435006435006435E-4	2.6989700043360187	0.0017367889345791625
特	1	6.435006435006435E-4	2.6989700043360187	0.0017367889345791625
阿部	1	6.435006435006435E-4	2.6989700043360187	0.0017367889345791625
他人	1	6.435006435006435E-4	2.6989700043360187	0.0017367889345791625
この間	1	6.435006435006435E-4	2.6989700043360187	0.0017367889345791625
発言	1	6.435006435006435E-4	2.6989700043360187	0.0017367889345791625
統制	1	6.435006435006435E-4	2.6989700043360187	0.0017367889345791625
充実	1	6.435006435006435E-4	2.6989700043360187	0.0017367889345791625
勲	1	6.435006435006435E-4	2.6989700043360187	0.0017367889345791625
肖像	1	6.435006435006435E-4	2.6989700043360187	0.0017367889345791625
大使	1	6.435006435006435E-4	2.6989700043360187	0.0017367889345791625
演習	1	6.435006435006435E-4	2.6989700043360187	0.0017367889345791625
出世	1	6.435006435006435E-4	2.6989700043360187	0.0017367889345791625
卿	1	6.435006435006435E-4	2.6989700043360187	0.0017367889345791625
起訴	1	6.435006435006435E-4	2.6989700043360187	0.0017367889345791625
熟慮	1	6.435006435006435E-4	2.6989700043360187	0.0017367889345791625
復帰	1	6.435006435006435E-4	2.6989700043360187	0.0017367889345791625
孤立	1	6.435006435006435E-4	2.6989700043360187	0.0017367889345791625
吾	1	6.435006435006435E-4	2.6989700043360187	0.0017367889345791625
有利	1	6.435006435006435E-4	2.6989700043360187	0.0017367889345791625
伏見	1	6.435006435006435E-4	2.6989700043360187	0.0017367889345791625
エピソード	1	6.435006435006435E-4	2.6989700043360187	0.0017367889345791625
前田	1	6.435006435006435E-4	2.6989700043360187	0.0017367889345791625
同期	1	6.435006435006435E-4	2.6989700043360187	0.0017367889345791625
椎名	1	6.435006435006435E-4	2.6989700043360187	0.0017367889345791625
趣旨	1	6.435006435006435E-4	2.6989700043360187	0.0017367889345791625
岸	1	6.435006435006435E-4	2.6989700043360187	0.0017367889345791625
鳩山	1	6.435006435006435E-4	2.6989700043360187	0.0017367889345791625
横須賀	1	6.435006435006435E-4	2.6989700043360187	0.0017367889345791625
東映	1	6.435006435006435E-4	2.6989700043360187	0.0017367889345791625
享年	1	6.435006435006435E-4	2.6989700043360187	0.0017367889345791625
暴走	1	6.435006435006435E-4	2.6989700043360187	0.0017367889345791625
香取	1	6.435006435006435E-4	2.6989700043360187	0.0017367889345791625
少佐	1	6.435006435006435E-4	2.6989700043360187	0.0017367889345791625
末期	1	6.435006435006435E-4	2.6989700043360187	0.0017367889345791625
調達	1	6.435006435006435E-4	2.6989700043360187	0.0017367889345791625
善	1	6.435006435006435E-4	2.6989700043360187	0.0017367889345791625
最前線	1	6.435006435006435E-4	2.6989700043360187	0.0017367889345791625
造船	1	6.435006435006435E-4	2.6989700043360187	0.0017367889345791625
地位	1	6.435006435006435E-4	2.6989700043360187	0.0017367889345791625
公言	1	6.435006435006435E-4	2.6989700043360187	0.0017367889345791625
次男	1	6.435006435006435E-4	2.6989700043360187	0.0017367889345791625
賞罰	1	6.435006435006435E-4	2.6989700043360187	0.0017367889345791625
関心	1	6.435006435006435E-4	2.6989700043360187	0.0017367889345791625
一貫	1	6.435006435006435E-4	2.6989700043360187	0.0017367889345791625
座	1	6.435006435006435E-4	2.6989700043360187	0.0017367889345791625
中佐	1	6.435006435006435E-4	2.6989700043360187	0.0017367889345791625
口癖	1	6.435006435006435E-4	2.6989700043360187	0.0017367889345791625
松井	1	6.435006435006435E-4	2.6989700043360187	0.0017367889345791625
ナチス	1	6.435006435006435E-4	2.6989700043360187	0.0017367889345791625
先輩	1	6.435006435006435E-4	2.6989700043360187	0.0017367889345791625
東南アジア	1	6.435006435006435E-4	2.6989700043360187	0.0017367889345791625
伊	1	6.435006435006435E-4	2.6989700043360187	0.0017367889345791625
人事	1	6.435006435006435E-4	2.6989700043360187	0.0017367889345791625
露	1	6.435006435006435E-4	2.6989700043360187	0.0017367889345791625
満足	1	6.435006435006435E-4	2.6989700043360187	0.0017367889345791625
彪	1	6.435006435006435E-4	2.6989700043360187	0.0017367889345791625
後藤	1	6.435006435006435E-4	2.6989700043360187	0.0017367889345791625
齋藤	1	6.435006435006435E-4	2.6989700043360187	0.0017367889345791625
表	2	0.001287001287001287	1.3467874862246563	0.0017333172280883608
・	2	0.001287001287001287	1.337242168318426	0.0017210323916582058
編	2	0.001287001287001287	1.3279021420642825	0.0017090117658484973
通	1	6.435006435006435E-4	2.5228787452803374	0.0016234740960619932
報	1	6.435006435006435E-4	2.5228787452803374	0.0016234740960619932
工具	1	6.435006435006435E-4	2.5228787452803374	0.0016234740960619932
桂	1	6.435006435006435E-4	2.5228787452803374	0.0016234740960619932
実行	1	6.435006435006435E-4	2.5228787452803374	0.0016234740960619932
航海	1	6.435006435006435E-4	2.5228787452803374	0.0016234740960619932
正義	1	6.435006435006435E-4	2.5228787452803374	0.0016234740960619932
部品	1	6.435006435006435E-4	2.5228787452803374	0.0016234740960619932
解除	1	6.435006435006435E-4	2.5228787452803374	0.0016234740960619932
実情	1	6.435006435006435E-4	2.5228787452803374	0.0016234740960619932
旧制	1	6.435006435006435E-4	2.5228787452803374	0.0016234740960619932
留学	1	6.435006435006435E-4	2.5228787452803374	0.0016234740960619932
山城	1	6.435006435006435E-4	2.5228787452803374	0.0016234740960619932
議会	1	6.435006435006435E-4	2.5228787452803374	0.0016234740960619932
乗組	1	6.435006435006435E-4	2.5228787452803374	0.0016234740960619932
直前	1	6.435006435006435E-4	2.5228787452803374	0.0016234740960619932
成	1	6.435006435006435E-4	2.5228787452803374	0.0016234740960619932
不満	1	6.435006435006435E-4	2.5228787452803374	0.0016234740960619932
愛知	1	6.435006435006435E-4	2.5228787452803374	0.0016234740960619932
経緯	1	6.435006435006435E-4	2.5228787452803374	0.0016234740960619932
在籍	1	6.435006435006435E-4	2.5228787452803374	0.0016234740960619932
三木	1	6.435006435006435E-4	2.5228787452803374	0.0016234740960619932
配分	1	6.435006435006435E-4	2.5228787452803374	0.0016234740960619932
養成	1	6.435006435006435E-4	2.5228787452803374	0.0016234740960619932
弥生	1	6.435006435006435E-4	2.5228787452803374	0.0016234740960619932
小泉	1	6.435006435006435E-4	2.5228787452803374	0.0016234740960619932
俊夫	1	6.435006435006435E-4	2.5228787452803374	0.0016234740960619932
誰	1	6.435006435006435E-4	2.5228787452803374	0.0016234740960619932
芳	1	6.435006435006435E-4	2.5228787452803374	0.0016234740960619932
強化	1	6.435006435006435E-4	2.5228787452803374	0.0016234740960619932
宣言	1	6.435006435006435E-4	2.5228787452803374	0.0016234740960619932
表明	1	6.435006435006435E-4	2.5228787452803374	0.0016234740960619932
独	1	6.435006435006435E-4	2.5228787452803374	0.0016234740960619932
着手	1	6.435006435006435E-4	2.5228787452803374	0.0016234740960619932
連盟	1	6.435006435006435E-4	2.5228787452803374	0.0016234740960619932
警戒	1	6.435006435006435E-4	2.5228787452803374	0.0016234740960619932
二郎	1	6.435006435006435E-4	2.5228787452803374	0.0016234740960619932
決意	1	6.435006435006435E-4	2.5228787452803374	0.0016234740960619932
薩摩	1	6.435006435006435E-4	2.5228787452803374	0.0016234740960619932
帝国	1	6.435006435006435E-4	2.5228787452803374	0.0016234740960619932
岡田	1	6.435006435006435E-4	2.5228787452803374	0.0016234740960619932
除隊	1	6.435006435006435E-4	2.5228787452803374	0.0016234740960619932
振興	1	6.435006435006435E-4	2.5228787452803374	0.0016234740960619932
発揮	1	6.435006435006435E-4	2.5228787452803374	0.0016234740960619932
級	1	6.435006435006435E-4	2.5228787452803374	0.0016234740960619932
リン	1	6.435006435006435E-4	2.5228787452803374	0.0016234740960619932
回避	1	6.435006435006435E-4	2.5228787452803374	0.0016234740960619932
大統領	1	6.435006435006435E-4	2.5228787452803374	0.0016234740960619932
福田	1	6.435006435006435E-4	2.5228787452803374	0.0016234740960619932
関	1	6.435006435006435E-4	2.5228787452803374	0.0016234740960619932
渡辺	1	6.435006435006435E-4	2.5228787452803374	0.0016234740960619932
原料	1	6.435006435006435E-4	2.5228787452803374	0.0016234740960619932
麻生	1	6.435006435006435E-4	2.5228787452803374	0.0016234740960619932
基盤	1	6.435006435006435E-4	2.5228787452803374	0.0016234740960619932
天才	1	6.435006435006435E-4	2.5228787452803374	0.0016234740960619932
敷島	1	6.435006435006435E-4	2.5228787452803374	0.0016234740960619932
同士	1	6.435006435006435E-4	2.5228787452803374	0.0016234740960619932
令	1	6.435006435006435E-4	2.5228787452803374	0.0016234740960619932
総務	1	6.435006435006435E-4	2.5228787452803374	0.0016234740960619932
破壊	1	6.435006435006435E-4	2.5228787452803374	0.0016234740960619932
眼	1	6.435006435006435E-4	2.5228787452803374	0.0016234740960619932
執行	1	6.435006435006435E-4	2.5228787452803374	0.0016234740960619932
陸軍	1	6.435006435006435E-4	2.5228787452803374	0.0016234740960619932
彰	1	6.435006435006435E-4	2.5228787452803374	0.0016234740960619932
推測	1	6.435006435006435E-4	2.5228787452803374	0.0016234740960619932
艦長	1	6.435006435006435E-4	2.5228787452803374	0.0016234740960619932
俺	1	6.435006435006435E-4	2.5228787452803374	0.0016234740960619932
順位	1	6.435006435006435E-4	2.3979400086720375	0.0015430759386563947
始め	1	6.435006435006435E-4	2.3979400086720375	0.0015430759386563947
外交	1	6.435006435006435E-4	2.3979400086720375	0.0015430759386563947
達	1	6.435006435006435E-4	2.3979400086720375	0.0015430759386563947
学習	1	6.435006435006435E-4	2.3979400086720375	0.0015430759386563947
卒業生	1	6.435006435006435E-4	2.3979400086720375	0.0015430759386563947
業	1	6.435006435006435E-4	2.3979400086720375	0.0015430759386563947
兼	1	6.435006435006435E-4	2.3979400086720375	0.0015430759386563947
幹部	1	6.435006435006435E-4	2.3979400086720375	0.0015430759386563947
推進	1	6.435006435006435E-4	2.3979400086720375	0.0015430759386563947
裁判	1	6.435006435006435E-4	2.3979400086720375	0.0015430759386563947
親	1	6.435006435006435E-4	2.3979400086720375	0.0015430759386563947
司令	1	6.435006435006435E-4	2.3979400086720375	0.0015430759386563947
認識	1	6.435006435006435E-4	2.3979400086720375	0.0015430759386563947
希望	1	6.435006435006435E-4	2.3979400086720375	0.0015430759386563947
中学	1	6.435006435006435E-4	2.3979400086720375	0.0015430759386563947
放棄	1	6.435006435006435E-4	2.3979400086720375	0.0015430759386563947
総督	1	6.435006435006435E-4	2.3979400086720375	0.0015430759386563947
王	1	6.435006435006435E-4	2.3979400086720375	0.0015430759386563947
条件	1	6.435006435006435E-4	2.3979400086720375	0.0015430759386563947
期待	1	6.435006435006435E-4	2.3979400086720375	0.0015430759386563947
中島	1	6.435006435006435E-4	2.3979400086720375	0.0015430759386563947
勤務	1	6.435006435006435E-4	2.3979400086720375	0.0015430759386563947
秋田	1	6.435006435006435E-4	2.3979400086720375	0.0015430759386563947
石井	1	6.435006435006435E-4	2.3979400086720375	0.0015430759386563947
木村	1	6.435006435006435E-4	2.3979400086720375	0.0015430759386563947
展望	1	6.435006435006435E-4	2.3979400086720375	0.0015430759386563947
清	1	6.435006435006435E-4	2.3979400086720375	0.0015430759386563947
組み合わせ	1	6.435006435006435E-4	2.3979400086720375	0.0015430759386563947
結成	1	6.435006435006435E-4	2.3979400086720375	0.0015430759386563947
病気	1	6.435006435006435E-4	2.3979400086720375	0.0015430759386563947
直後	1	6.435006435006435E-4	2.3979400086720375	0.0015430759386563947
役	1	6.435006435006435E-4	2.3979400086720375	0.0015430759386563947
徳	1	6.435006435006435E-4	2.3979400086720375	0.0015430759386563947
提出	1	6.435006435006435E-4	2.3010299956639813	0.0014807142829240548
主張	1	6.435006435006435E-4	2.3010299956639813	0.0014807142829240548
容疑	1	6.435006435006435E-4	2.3010299956639813	0.0014807142829240548
自己	1	6.435006435006435E-4	2.3010299956639813	0.0014807142829240548
共	1	6.435006435006435E-4	2.3010299956639813	0.0014807142829240548
非常	1	6.435006435006435E-4	2.3010299956639813	0.0014807142829240548
犬	1	6.435006435006435E-4	2.3010299956639813	0.0014807142829240548
制限	1	6.435006435006435E-4	2.3010299956639813	0.0014807142829240548
防止	1	6.435006435006435E-4	2.3010299956639813	0.0014807142829240548
池田	1	6.435006435006435E-4	2.3010299956639813	0.0014807142829240548
フランク	1	6.435006435006435E-4	2.3010299956639813	0.0014807142829240548
自分	1	6.435006435006435E-4	2.3010299956639813	0.0014807142829240548
工作	1	6.435006435006435E-4	2.3010299956639813	0.0014807142829240548
ソ連	1	6.435006435006435E-4	2.3010299956639813	0.0014807142829240548
周囲	1	6.435006435006435E-4	2.3010299956639813	0.0014807142829240548
コース	1	6.435006435006435E-4	2.3010299956639813	0.0014807142829240548
一方	1	6.435006435006435E-4	2.3010299956639813	0.0014807142829240548
表示	2	0.001287001287001287	1.1426675035687315	0.001470614547707505
項目	2	0.001287001287001287	1.1426675035687315	0.001470614547707505
関連	2	0.001287001287001287	1.1191864077192086	0.0014403943471289686
工業	1	6.435006435006435E-4	2.221848749616356	0.0014297611001392254
連合	1	6.435006435006435E-4	2.221848749616356	0.0014297611001392254
編入	1	6.435006435006435E-4	2.221848749616356	0.0014297611001392254
ん	1	6.435006435006435E-4	2.221848749616356	0.0014297611001392254
佐藤	1	6.435006435006435E-4	2.221848749616356	0.0014297611001392254
新た	1	6.435006435006435E-4	2.221848749616356	0.0014297611001392254
状況	1	6.435006435006435E-4	2.221848749616356	0.0014297611001392254
それぞれ	1	6.435006435006435E-4	2.221848749616356	0.0014297611001392254
生誕	1	6.435006435006435E-4	2.221848749616356	0.0014297611001392254
私	1	6.435006435006435E-4	2.221848749616356	0.0014297611001392254
正	1	6.435006435006435E-4	2.221848749616356	0.0014297611001392254
宗	1	6.435006435006435E-4	2.221848749616356	0.0014297611001392254
官	1	6.435006435006435E-4	2.221848749616356	0.0014297611001392254
候補	1	6.435006435006435E-4	2.221848749616356	0.0014297611001392254
中山	1	6.435006435006435E-4	2.221848749616356	0.0014297611001392254
大分	1	6.435006435006435E-4	2.221848749616356	0.0014297611001392254
定期	1	6.435006435006435E-4	2.221848749616356	0.0014297611001392254
安全	1	6.435006435006435E-4	2.221848749616356	0.0014297611001392254
職	1	6.435006435006435E-4	2.154901959985743	0.0013866807979316235
戦闘	1	6.435006435006435E-4	2.154901959985743	0.0013866807979316235
機会	1	6.435006435006435E-4	2.154901959985743	0.0013866807979316235
逮捕	1	6.435006435006435E-4	2.154901959985743	0.0013866807979316235
タイプ	1	6.435006435006435E-4	2.154901959985743	0.0013866807979316235
資料	1	6.435006435006435E-4	2.154901959985743	0.0013866807979316235
反対	1	6.435006435006435E-4	2.154901959985743	0.0013866807979316235
企業	1	6.435006435006435E-4	2.154901959985743	0.0013866807979316235
室	1	6.435006435006435E-4	2.154901959985743	0.0013866807979316235
向上	1	6.435006435006435E-4	2.154901959985743	0.0013866807979316235
谷	1	6.435006435006435E-4	2.154901959985743	0.0013866807979316235
理解	1	6.435006435006435E-4	2.154901959985743	0.0013866807979316235
攻撃	1	6.435006435006435E-4	2.154901959985743	0.0013866807979316235
末	1	6.435006435006435E-4	2.154901959985743	0.0013866807979316235
死去	1	6.435006435006435E-4	2.154901959985743	0.0013866807979316235
翌年	1	6.435006435006435E-4	2.0969100130080562	0.0013493629427336268
経営	1	6.435006435006435E-4	2.0969100130080562	0.0013493629427336268
最大	1	6.435006435006435E-4	2.0969100130080562	0.0013493629427336268
獲得	1	6.435006435006435E-4	2.0969100130080562	0.0013493629427336268
事項	1	6.435006435006435E-4	2.0969100130080562	0.0013493629427336268
さん	1	6.435006435006435E-4	2.0969100130080562	0.0013493629427336268
全体	1	6.435006435006435E-4	2.0969100130080562	0.0013493629427336268
直接	1	6.435006435006435E-4	2.0969100130080562	0.0013493629427336268
小林	1	6.435006435006435E-4	2.0969100130080562	0.0013493629427336268
困難	1	6.435006435006435E-4	2.0969100130080562	0.0013493629427336268
対立	1	6.435006435006435E-4	2.0969100130080562	0.0013493629427336268
普通	1	6.435006435006435E-4	2.0969100130080562	0.0013493629427336268
ドイツ	1	6.435006435006435E-4	2.0969100130080562	0.0013493629427336268
最後	1	6.435006435006435E-4	2.045757490560675	0.0013164462616220558
主義	1	6.435006435006435E-4	2.045757490560675	0.0013164462616220558
中学校	1	6.435006435006435E-4	2.045757490560675	0.0013164462616220558
組織	1	6.435006435006435E-4	2.045757490560675	0.0013164462616220558
環境	1	6.435006435006435E-4	2.045757490560675	0.0013164462616220558
通り	1	6.435006435006435E-4	2.045757490560675	0.0013164462616220558
開催	1	6.435006435006435E-4	2.045757490560675	0.0013164462616220558
のち	1	6.435006435006435E-4	2.045757490560675	0.0013164462616220558
隊	1	6.435006435006435E-4	2.045757490560675	0.0013164462616220558
完全	1	6.435006435006435E-4	2.045757490560675	0.0013164462616220558
開発	1	6.435006435006435E-4	2.0	0.001287001287001287
何	1	6.435006435006435E-4	2.0	0.001287001287001287
政府	1	6.435006435006435E-4	1.958607314841775	0.0012603650674657496
依頼	1	6.435006435006435E-4	1.958607314841775	0.0012603650674657496
没	1	6.435006435006435E-4	1.958607314841775	0.0012603650674657496
小学校	1	6.435006435006435E-4	1.958607314841775	0.0012603650674657496
東	1	6.435006435006435E-4	1.958607314841775	0.0012603650674657496
方面	1	6.435006435006435E-4	1.9208187539523753	0.0012360481042164577
専門	1	6.435006435006435E-4	1.9208187539523753	0.0012360481042164577
十	1	6.435006435006435E-4	1.9208187539523753	0.0012360481042164577
用	1	6.435006435006435E-4	1.9208187539523753	0.0012360481042164577
技術	1	6.435006435006435E-4	1.9208187539523753	0.0012360481042164577
五	1	6.435006435006435E-4	1.9208187539523753	0.0012360481042164577
目	1	6.435006435006435E-4	1.9208187539523753	0.0012360481042164577
夏	1	6.435006435006435E-4	1.8860566476931633	0.001213678666469217
西	1	6.435006435006435E-4	1.8860566476931633	0.001213678666469217
金	1	6.435006435006435E-4	1.8860566476931633	0.001213678666469217
権	1	6.435006435006435E-4	1.8860566476931633	0.001213678666469217
高等	1	6.435006435006435E-4	1.8860566476931633	0.001213678666469217
国際	1	6.435006435006435E-4	1.8860566476931633	0.001213678666469217
平成	1	6.435006435006435E-4	1.853871964321762	0.0011929678020088559
たち	1	6.435006435006435E-4	1.853871964321762	0.0011929678020088559
目的	1	6.435006435006435E-4	1.853871964321762	0.0011929678020088559
英語	1	6.435006435006435E-4	1.853871964321762	0.0011929678020088559
頃	1	6.435006435006435E-4	1.8239087409443187	0.0011736864484841174
問題	1	6.435006435006435E-4	1.8239087409443187	0.0011736864484841174
とき	1	6.435006435006435E-4	1.8239087409443187	0.0011736864484841174
年度	1	6.435006435006435E-4	1.8239087409443187	0.0011736864484841174
下	1	6.435006435006435E-4	1.7695510786217261	0.0011387072578003385
さ	1	6.435006435006435E-4	1.7212463990471711	0.00110762316541002
局	1	6.435006435006435E-4	1.7212463990471711	0.00110762316541002
活動	1	6.435006435006435E-4	1.7212463990471711	0.00110762316541002
年生	1	6.435006435006435E-4	1.6989700043360187	0.0010932882910785191
際	1	6.435006435006435E-4	1.6777807052660807	0.0010796529634916863
当時	1	6.435006435006435E-4	1.6575773191777938	0.0010666520715429818
会	1	6.435006435006435E-4	1.619788758288394	0.00104233510829369
関係	1	6.435006435006435E-4	1.585026652029182	0.0010199656705464492
時間	1	6.435006435006435E-4	1.585026652029182	0.0010199656705464492
化	1	6.435006435006435E-4	1.537602002101044	9.894478777998995E-4
地	1	6.435006435006435E-4	1.537602002101044	9.894478777998995E-4
上	1	6.435006435006435E-4	1.5228787452803376	9.799734525613498E-4
名	1	6.435006435006435E-4	1.494850021680094	9.619369508880913E-4
二	1	6.435006435006435E-4	1.4814860601221125	9.533372330258124E-4
これ	1	6.435006435006435E-4	1.408935392973501	9.066508320292798E-4
もの	1	6.435006435006435E-4	1.3279021420642825	8.545058829242487E-4
的	1	6.435006435006435E-4	1.2924298239020637	8.316794233604013E-4
人	1	6.435006435006435E-4	1.2596373105057561	8.10577419887874E-4
目次	1	6.435006435006435E-4	1.1426675035687315	7.353072738537525E-4
作成	1	6.435006435006435E-4	1.00436480540245	6.463093985858752E-4
カテゴリ	1	6.435006435006435E-4	1.00436480540245	6.463093985858752E-4
移動	1	6.435006435006435E-4	1.0	6.435006435006435E-4
百科	1	6.435006435006435E-4	1.0	6.435006435006435E-4
事典	1	6.435006435006435E-4	1.0	6.435006435006435E-4
フリー	1	6.435006435006435E-4	1.0	6.435006435006435E-4
出典	1	6.435006435006435E-4	1.0	6.435006435006435E-4
検索	1	6.435006435006435E-4	1.0	6.435006435006435E-4
