#語	出現回数	TF	IDF	TF-IDF	
清泉女子大学	19	0.014820592823712949	3.0	0.044461778471138844
清泉	16	0.0124804992199688	3.0	0.0374414976599064
科	22	0.0171606864274571	2.154901959985743	0.03697959681722804
年	45	0.035101404056162244	1.0409586076789064	0.036539108693877366
学科	15	0.01170046801872075	2.3010299956639813	0.026923127874383557
大学	17	0.01326053042121685	1.853871964321762	0.024583325579929764
人文	10	0.0078003120124804995	3.0	0.0234009360374415
奨学	10	0.0078003120124804995	3.0	0.0234009360374415
品川	11	0.00858034321372855	2.6989700043360187	0.02315808896076147
文学	12	0.0093603744149766	2.3979400086720375	0.022445616305822504
文化	16	0.0124804992199688	1.7695510786217261	0.0220848808564334
専攻	10	0.0078003120124804995	2.6989700043360187	0.021052808146146792
学	15	0.01170046801872075	1.7958800173440752	0.021012636708394015
編集	26	0.0202808112324493	1.0177287669604316	0.020640365008557895
教育	13	0.01014040561622465	1.8860566476931633	0.01912537942278559
会	15	0.01170046801872075	1.619788758288394	0.018952286563436747
課程	10	0.0078003120124804995	2.3979400086720375	0.01870468025485209
スペイン	10	0.0078003120124804995	2.3010299956639813	0.017948751916255706
キャンパス	8	0.0062402496099844	2.6989700043360187	0.016842246516917434
地球	8	0.0062402496099844	2.6989700043360187	0.016842246516917434
設置	12	0.0093603744149766	1.7958800173440752	0.016810109366715214
英文	7	0.00546021840873635	3.0	0.01638065522620905
金	11	0.00858034321372855	1.8860566476931633	0.016183013357741652
都	9	0.0070202808112324495	2.3010299956639813	0.016153876724630135
キリスト	8	0.0062402496099844	2.5228787452803374	0.015743393106273557
東京	11	0.00858034321372855	1.744727494896694	0.014970360720642461
研究	10	0.0078003120124804995	1.8860566476931633	0.014711830325219683
聖心	6	0.0046801872074883	3.0	0.014040561622464899
修道	6	0.0046801872074883	3.0	0.014040561622464899
島津	6	0.0046801872074883	3.0	0.014040561622464899
研究所	7	0.00546021840873635	2.3979400086720375	0.013093276178396462
大学院	6	0.0046801872074883	2.6989700043360187	0.012631684887688076
修士	6	0.0046801872074883	2.6989700043360187	0.012631684887688076
寮	6	0.0046801872074883	2.6989700043360187	0.012631684887688076
教	7	0.00546021840873635	2.3010299956639813	0.012564126341378993
科学	8	0.0062402496099844	1.958607314841775	0.012222198532553978
者	13	0.01014040561622465	1.1870866433571445	0.012037540065244056
女学院	5	0.0039001560062402497	3.0	0.01170046801872075
公爵	5	0.0039001560062402497	3.0	0.01170046801872075
神奈川	5	0.0039001560062402497	3.0	0.01170046801872075
人間	7	0.00546021840873635	2.0969100130080562	0.011449586654490166
区	7	0.00546021840873635	2.0969100130080562	0.011449586654490166
組織	7	0.00546021840873635	2.045757490560675	0.011170282709769675
関係	9	0.0070202808112324495	1.585026652029182	0.011127332190532479
学校	8	0.0062402496099844	1.7695510786217261	0.0110424404282167
設立	7	0.00546021840873635	2.0	0.0109204368174727
創立	6	0.0046801872074883	2.3010299956639813	0.010769251149753422
線	8	0.0062402496099844	1.6989700043360187	0.010601996906933035
学院	5	0.0039001560062402497	2.6989700043360187	0.010526404073073396
市民	6	0.0046801872074883	2.154901959985743	0.01008534458651674
建	5	0.0039001560062402497	2.5228787452803374	0.009839620691420973
学生	6	0.0046801872074883	2.0969100130080562	0.00981393141813443
活動	7	0.00546021840873635	1.7212463990471711	0.009398381274048517
理念	4	0.0031201248049922	3.0	0.0093603744149766
豊か	4	0.0031201248049922	3.0	0.0093603744149766
文学部	4	0.0031201248049922	3.0	0.0093603744149766
侍女	4	0.0031201248049922	3.0	0.0093603744149766
邸	5	0.0039001560062402497	2.3979400086720375	0.009352340127426044
高等	6	0.0046801872074883	1.8860566476931633	0.00882709819513181
英語	6	0.0046801872074883	1.853871964321762	0.008676467851739917
精神	5	0.0039001560062402497	2.221848749616356	0.00866555674577362
横須賀	4	0.0031201248049922	2.6989700043360187	0.008421123258458717
女子大	4	0.0031201248049922	2.6989700043360187	0.008421123258458717
国文学	4	0.0031201248049922	2.6989700043360187	0.008421123258458717
言語	5	0.0039001560062402497	2.154901959985743	0.008404453822097282
日本	9	0.0070202808112324495	1.1870866433571445	0.0083336815836305
市	7	0.00546021840873635	1.5228787452803376	0.008315250559253013
日本語	5	0.0039001560062402497	2.0969100130080562	0.008178276181778691
史	6	0.0046801872074883	1.744727494896694	0.008165651302168614
的	8	0.0062402496099844	1.2924298239020637	0.008065084704537059
長野	5	0.0039001560062402497	2.045757490560675	0.007978773364121197
県	7	0.00546021840873635	1.431798275933005	0.007817931303846361
学園	4	0.0031201248049922	2.3979400086720375	0.007481872101940835
センター	5	0.0039001560062402497	1.853871964321762	0.00723038987644993
思想	4	0.0031201248049922	2.3010299956639813	0.007179500766502282
五反田	3	0.00234009360374415	3.0	0.0070202808112324495
東五反田	3	0.00234009360374415	3.0	0.0070202808112324495
山手	3	0.00234009360374415	3.0	0.0070202808112324495
機関	5	0.0039001560062402497	1.7958800173440752	0.0070042122361313386
徒歩	4	0.0031201248049922	2.221848749616356	0.006932445396618896
人	7	0.00546021840873635	1.2596373105057561	0.0068778948311546744
団体	4	0.0031201248049922	2.045757490560675	0.006383018691296958
祭	4	0.0031201248049922	2.045757490560675	0.006383018691296958
留学生	3	0.00234009360374415	2.6989700043360187	0.006315842443844038
母体	3	0.00234009360374415	2.6989700043360187	0.006315842443844038
発足	3	0.00234009360374415	2.6989700043360187	0.006315842443844038
象徴	3	0.00234009360374415	2.6989700043360187	0.006315842443844038
本館	3	0.00234009360374415	2.6989700043360187	0.006315842443844038
語	4	0.0031201248049922	2.0	0.0062402496099844
歴史	5	0.0039001560062402497	1.5686362358410126	0.006117926036821423
私立	3	0.00234009360374415	2.5228787452803374	0.0059037724148525835
附属	3	0.00234009360374415	2.5228787452803374	0.0059037724148525835
科目	3	0.00234009360374415	2.5228787452803374	0.0059037724148525835
国際	4	0.0031201248049922	1.8860566476931633	0.005884732130087873
卒業生	3	0.00234009360374415	2.3979400086720375	0.005611404076455626
人数	3	0.00234009360374415	2.3979400086720375	0.005611404076455626
学部	3	0.00234009360374415	2.3979400086720375	0.005611404076455626
泉	3	0.00234009360374415	2.3010299956639813	0.005384625574876711
下車	3	0.00234009360374415	2.3010299956639813	0.005384625574876711
建物	3	0.00234009360374415	2.3010299956639813	0.005384625574876711
さ	4	0.0031201248049922	1.7212463990471711	0.005370503585170581
中	5	0.0039001560062402497	1.3665315444204136	0.005329686210688041
愛	3	0.00234009360374415	2.221848749616356	0.005199334047464172
開設	3	0.00234009360374415	2.221848749616356	0.005199334047464172
女子	3	0.00234009360374415	2.154901959985743	0.00504267229325837
交流	3	0.00234009360374415	2.154901959985743	0.00504267229325837
指定	3	0.00234009360374415	2.0969100130080562	0.004906965709067215
制	3	0.00234009360374415	2.0969100130080562	0.004906965709067215
全体	3	0.00234009360374415	2.0969100130080562	0.004906965709067215
世界	4	0.0031201248049922	1.5686362358410126	0.004894340829457138
ため	5	0.0039001560062402497	1.2291479883578558	0.004793868909352012
法人	3	0.00234009360374415	2.045757490560675	0.004787264018472718
名称	3	0.00234009360374415	2.045757490560675	0.004787264018472718
宮前平	2	0.0015600624024961	3.0	0.0046801872074883
ヒューマニズム	2	0.0015600624024961	3.0	0.0046801872074883
大崎	2	0.0015600624024961	3.0	0.0046801872074883
文科	2	0.0015600624024961	3.0	0.0046801872074883
各科	2	0.0015600624024961	3.0	0.0046801872074883
学内	2	0.0015600624024961	3.0	0.0046801872074883
改組	2	0.0015600624024961	3.0	0.0046801872074883
修業	2	0.0015600624024961	3.0	0.0046801872074883
女学校	2	0.0015600624024961	3.0	0.0046801872074883
学制	2	0.0015600624024961	3.0	0.0046801872074883
まこと	2	0.0015600624024961	3.0	0.0046801872074883
名	4	0.0031201248049922	1.494850021680094	0.004664118632387189
サイト	3	0.00234009360374415	1.958607314841775	0.004583324449707742
変更	3	0.00234009360374415	1.958607314841775	0.004583324449707742
別	3	0.00234009360374415	1.8860566476931633	0.004413549097565905
時代	4	0.0031201248049922	1.408935392973501	0.004396054268248053
生活	3	0.00234009360374415	1.853871964321762	0.004338233925869958
所在地	3	0.00234009360374415	1.8239087409443187	0.004268117178496846
家政	2	0.0015600624024961	2.6989700043360187	0.0042105616292293585
概観	2	0.0015600624024961	2.6989700043360187	0.0042105616292293585
カトリック	2	0.0015600624024961	2.6989700043360187	0.0042105616292293585
価値	2	0.0015600624024961	2.6989700043360187	0.0042105616292293585
短期	2	0.0015600624024961	2.6989700043360187	0.0042105616292293585
全焼	2	0.0015600624024961	2.6989700043360187	0.0042105616292293585
サークル	2	0.0015600624024961	2.6989700043360187	0.0042105616292293585
校舎	2	0.0015600624024961	2.6989700043360187	0.0042105616292293585
校訓	2	0.0015600624024961	2.6989700043360187	0.0042105616292293585
是	2	0.0015600624024961	2.6989700043360187	0.0042105616292293585
実践	2	0.0015600624024961	2.6989700043360187	0.0042105616292293585
年限	2	0.0015600624024961	2.6989700043360187	0.0042105616292293585
学問	2	0.0015600624024961	2.6989700043360187	0.0042105616292293585
麻布	2	0.0015600624024961	2.6989700043360187	0.0042105616292293585
休校	2	0.0015600624024961	2.6989700043360187	0.0042105616292293585
他者	2	0.0015600624024961	2.6989700043360187	0.0042105616292293585
駅	3	0.00234009360374415	1.744727494896694	0.004082825651084307
施設	3	0.00234009360374415	1.7212463990471711	0.004027877688877936
公式	3	0.00234009360374415	1.7212463990471711	0.004027877688877936
建造	2	0.0015600624024961	2.5228787452803374	0.003935848276568389
基金	2	0.0015600624024961	2.5228787452803374	0.003935848276568389
鎌倉	2	0.0015600624024961	2.5228787452803374	0.003935848276568389
略歴	2	0.0015600624024961	2.5228787452803374	0.003935848276568389
体育	2	0.0015600624024961	2.5228787452803374	0.003935848276568389
分	3	0.00234009360374415	1.6575773191777938	0.0038788860823193304
一覧	3	0.00234009360374415	1.6575773191777938	0.0038788860823193304
基礎	2	0.0015600624024961	2.3979400086720375	0.0037409360509704174
メートル	2	0.0015600624024961	2.3979400086720375	0.0037409360509704174
定員	2	0.0015600624024961	2.3979400086720375	0.0037409360509704174
対外	2	0.0015600624024961	2.3979400086720375	0.0037409360509704174
学習	2	0.0015600624024961	2.3979400086720375	0.0037409360509704174
教授	2	0.0015600624024961	2.3979400086720375	0.0037409360509704174
前身	2	0.0015600624024961	2.3979400086720375	0.0037409360509704174
宗教	2	0.0015600624024961	2.3010299956639813	0.003589750383251141
クラブ	2	0.0015600624024961	2.3010299956639813	0.003589750383251141
自己	2	0.0015600624024961	2.3010299956639813	0.003589750383251141
改革	2	0.0015600624024961	2.3010299956639813	0.003589750383251141
吉田	2	0.0015600624024961	2.3010299956639813	0.003589750383251141
新設	2	0.0015600624024961	2.3010299956639813	0.003589750383251141
性	3	0.00234009360374415	1.5228787452803376	0.0035636788111084346
意識	2	0.0015600624024961	2.221848749616356	0.003466222698309448
戦後	2	0.0015600624024961	2.221848749616356	0.003466222698309448
美術	2	0.0015600624024961	2.221848749616356	0.003466222698309448
データ	2	0.0015600624024961	2.221848749616356	0.003466222698309448
本部	2	0.0015600624024961	2.221848749616356	0.003466222698309448
校	2	0.0015600624024961	2.154901959985743	0.003361781528838913
街	2	0.0015600624024961	2.154901959985743	0.003361781528838913
外国	2	0.0015600624024961	2.154901959985743	0.003361781528838913
博士	2	0.0015600624024961	2.154901959985743	0.003361781528838913
姉妹	2	0.0015600624024961	2.154901959985743	0.003361781528838913
過去	2	0.0015600624024961	2.154901959985743	0.003361781528838913
移転	2	0.0015600624024961	2.0969100130080562	0.0032713104727114762
の	3	0.00234009360374415	1.3767507096020997	0.0032217255294900928
よう	3	0.00234009360374415	1.3767507096020997	0.0032217255294900928
環境	2	0.0015600624024961	2.045757490560675	0.003191509345648479
アクセス	2	0.0015600624024961	2.045757490560675	0.003191509345648479
自然	2	0.0015600624024961	2.0	0.0031201248049922
神	2	0.0015600624024961	2.0	0.0031201248049922
物	2	0.0015600624024961	2.0	0.0031201248049922
沿革	2	0.0015600624024961	2.0	0.0031201248049922
対象	2	0.0015600624024961	1.958607314841775	0.0030555496331384946
記念	2	0.0015600624024961	1.958607314841775	0.0030555496331384946
戦争	2	0.0015600624024961	1.958607314841775	0.0030555496331384946
形	2	0.0015600624024961	1.8860566476931633	0.0029423660650439365
女性	2	0.0015600624024961	1.853871964321762	0.002892155950579972
参加	2	0.0015600624024961	1.853871964321762	0.002892155950579972
事	2	0.0015600624024961	1.8239087409443187	0.0028454114523312306
年度	2	0.0015600624024961	1.8239087409443187	0.0028454114523312306
可能	2	0.0015600624024961	1.6989700043360187	0.0026504992267332586
部	2	0.0015600624024961	1.619788758288394	0.0025269715417915667
ガーデン	1	7.8003120124805E-4	3.0	0.00234009360374415
合	1	7.8003120124805E-4	3.0	0.00234009360374415
佐佐木	1	7.8003120124805E-4	3.0	0.00234009360374415
マルセイユ	1	7.8003120124805E-4	3.0	0.00234009360374415
触れ合い	1	7.8003120124805E-4	3.0	0.00234009360374415
圏内	1	7.8003120124805E-4	3.0	0.00234009360374415
蔵書	1	7.8003120124805E-4	3.0	0.00234009360374415
決断	1	7.8003120124805E-4	3.0	0.00234009360374415
語学	1	7.8003120124805E-4	3.0	0.00234009360374415
京浜東北	1	7.8003120124805E-4	3.0	0.00234009360374415
接収	1	7.8003120124805E-4	3.0	0.00234009360374415
人格	1	7.8003120124805E-4	3.0	0.00234009360374415
将校	1	7.8003120124805E-4	3.0	0.00234009360374415
池上線	1	7.8003120124805E-4	3.0	0.00234009360374415
尊厳	1	7.8003120124805E-4	3.0	0.00234009360374415
歌人	1	7.8003120124805E-4	3.0	0.00234009360374415
収載	1	7.8003120124805E-4	3.0	0.00234009360374415
埼京線	1	7.8003120124805E-4	3.0	0.00234009360374415
景観	1	7.8003120124805E-4	3.0	0.00234009360374415
周り	1	7.8003120124805E-4	3.0	0.00234009360374415
黙想	1	7.8003120124805E-4	3.0	0.00234009360374415
クラス	1	7.8003120124805E-4	3.0	0.00234009360374415
楯	1	7.8003120124805E-4	3.0	0.00234009360374415
単科	1	7.8003120124805E-4	3.0	0.00234009360374415
ラテンアメリカ	1	7.8003120124805E-4	3.0	0.00234009360374415
春期	1	7.8003120124805E-4	3.0	0.00234009360374415
駐留	1	7.8003120124805E-4	3.0	0.00234009360374415
京浜急行	1	7.8003120124805E-4	3.0	0.00234009360374415
趣	1	7.8003120124805E-4	3.0	0.00234009360374415
一人ひとり	1	7.8003120124805E-4	3.0	0.00234009360374415
雪子	1	7.8003120124805E-4	3.0	0.00234009360374415
発想	1	7.8003120124805E-4	3.0	0.00234009360374415
学び	1	7.8003120124805E-4	3.0	0.00234009360374415
キリスト教	1	7.8003120124805E-4	3.0	0.00234009360374415
月頃	1	7.8003120124805E-4	3.0	0.00234009360374415
追究	1	7.8003120124805E-4	3.0	0.00234009360374415
庭園	1	7.8003120124805E-4	3.0	0.00234009360374415
日本銀行	1	7.8003120124805E-4	3.0	0.00234009360374415
浅草線	1	7.8003120124805E-4	3.0	0.00234009360374415
宿舎	1	7.8003120124805E-4	3.0	0.00234009360374415
手入れ	1	7.8003120124805E-4	3.0	0.00234009360374415
集い	1	7.8003120124805E-4	3.0	0.00234009360374415
活気	1	7.8003120124805E-4	3.0	0.00234009360374415
選定	1	7.8003120124805E-4	3.0	0.00234009360374415
自国	1	7.8003120124805E-4	3.0	0.00234009360374415
研修	1	7.8003120124805E-4	3.0	0.00234009360374415
確信	1	7.8003120124805E-4	3.0	0.00234009360374415
ふう	1	7.8003120124805E-4	3.0	0.00234009360374415
停止	1	7.8003120124805E-4	3.0	0.00234009360374415
ボランティア	1	7.8003120124805E-4	3.0	0.00234009360374415
減免	1	7.8003120124805E-4	3.0	0.00234009360374415
ホームステイ	1	7.8003120124805E-4	3.0	0.00234009360374415
都営地下鉄	1	7.8003120124805E-4	3.0	0.00234009360374415
校章	1	7.8003120124805E-4	3.0	0.00234009360374415
東急	1	7.8003120124805E-4	3.0	0.00234009360374415
視野	1	7.8003120124805E-4	3.0	0.00234009360374415
他国	1	7.8003120124805E-4	3.0	0.00234009360374415
策定	1	7.8003120124805E-4	3.0	0.00234009360374415
輪郭	1	7.8003120124805E-4	3.0	0.00234009360374415
来日	1	7.8003120124805E-4	3.0	0.00234009360374415
せい	1	7.8003120124805E-4	3.0	0.00234009360374415
激化	1	7.8003120124805E-4	3.0	0.00234009360374415
納付	1	7.8003120124805E-4	3.0	0.00234009360374415
退学	1	7.8003120124805E-4	3.0	0.00234009360374415
重厚	1	7.8003120124805E-4	3.0	0.00234009360374415
西洋	1	7.8003120124805E-4	3.0	0.00234009360374415
主体性	1	7.8003120124805E-4	3.0	0.00234009360374415
新入生	1	7.8003120124805E-4	3.0	0.00234009360374415
脱皮	1	7.8003120124805E-4	3.0	0.00234009360374415
三河	1	7.8003120124805E-4	3.0	0.00234009360374415
知	1	7.8003120124805E-4	3.0	0.00234009360374415
使徒	1	7.8003120124805E-4	3.0	0.00234009360374415
閑静	1	7.8003120124805E-4	3.0	0.00234009360374415
夏期	1	7.8003120124805E-4	3.0	0.00234009360374415
学力	1	7.8003120124805E-4	3.0	0.00234009360374415
学際	1	7.8003120124805E-4	3.0	0.00234009360374415
藩邸	1	7.8003120124805E-4	3.0	0.00234009360374415
雰囲気	1	7.8003120124805E-4	2.6989700043360187	0.0021052808146146793
総理	1	7.8003120124805E-4	2.6989700043360187	0.0021052808146146793
考察	1	7.8003120124805E-4	2.6989700043360187	0.0021052808146146793
仙台	1	7.8003120124805E-4	2.6989700043360187	0.0021052808146146793
条例	1	7.8003120124805E-4	2.6989700043360187	0.0021052808146146793
世田谷	1	7.8003120124805E-4	2.6989700043360187	0.0021052808146146793
真理	1	7.8003120124805E-4	2.6989700043360187	0.0021052808146146793
女史	1	7.8003120124805E-4	2.6989700043360187	0.0021052808146146793
植	1	7.8003120124805E-4	2.6989700043360187	0.0021052808146146793
天然記念物	1	7.8003120124805E-4	2.6989700043360187	0.0021052808146146793
インターナショナル	1	7.8003120124805E-4	2.6989700043360187	0.0021052808146146793
松島	1	7.8003120124805E-4	2.6989700043360187	0.0021052808146146793
ルネサンス	1	7.8003120124805E-4	2.6989700043360187	0.0021052808146146793
確立	1	7.8003120124805E-4	2.6989700043360187	0.0021052808146146793
観点	1	7.8003120124805E-4	2.6989700043360187	0.0021052808146146793
東海道	1	7.8003120124805E-4	2.6989700043360187	0.0021052808146146793
マドリード	1	7.8003120124805E-4	2.6989700043360187	0.0021052808146146793
頭文字	1	7.8003120124805E-4	2.6989700043360187	0.0021052808146146793
信綱	1	7.8003120124805E-4	2.6989700043360187	0.0021052808146146793
住宅	1	7.8003120124805E-4	2.6989700043360187	0.0021052808146146793
陣	1	7.8003120124805E-4	2.6989700043360187	0.0021052808146146793
都心	1	7.8003120124805E-4	2.6989700043360187	0.0021052808146146793
麗	1	7.8003120124805E-4	2.6989700043360187	0.0021052808146146793
同窓会	1	7.8003120124805E-4	2.6989700043360187	0.0021052808146146793
パーティ	1	7.8003120124805E-4	2.6989700043360187	0.0021052808146146793
歓迎	1	7.8003120124805E-4	2.6989700043360187	0.0021052808146146793
川崎	1	7.8003120124805E-4	2.6989700043360187	0.0021052808146146793
維持	1	7.8003120124805E-4	2.6989700043360187	0.0021052808146146793
尊重	1	7.8003120124805E-4	2.6989700043360187	0.0021052808146146793
戦火	1	7.8003120124805E-4	2.6989700043360187	0.0021052808146146793
静	1	7.8003120124805E-4	2.6989700043360187	0.0021052808146146793
中途	1	7.8003120124805E-4	2.6989700043360187	0.0021052808146146793
鎖	1	7.8003120124805E-4	2.6989700043360187	0.0021052808146146793
コミュニケーション	1	7.8003120124805E-4	2.6989700043360187	0.0021052808146146793
指針	1	7.8003120124805E-4	2.6989700043360187	0.0021052808146146793
思い	1	7.8003120124805E-4	2.6989700043360187	0.0021052808146146793
愛好	1	7.8003120124805E-4	2.6989700043360187	0.0021052808146146793
修	1	7.8003120124805E-4	2.6989700043360187	0.0021052808146146793
表	2	0.0015600624024961	1.3467874862246563	0.00210107252141132
もの	2	0.0015600624024961	1.3279021420642825	0.0020716102060285217
勃発	1	7.8003120124805E-4	2.5228787452803374	0.0019679241382841947
現在地	1	7.8003120124805E-4	2.5228787452803374	0.0019679241382841947
樹齢	1	7.8003120124805E-4	2.5228787452803374	0.0019679241382841947
急速	1	7.8003120124805E-4	2.5228787452803374	0.0019679241382841947
解除	1	7.8003120124805E-4	2.5228787452803374	0.0019679241382841947
推定	1	7.8003120124805E-4	2.5228787452803374	0.0019679241382841947
会員	1	7.8003120124805E-4	2.5228787452803374	0.0019679241382841947
保全	1	7.8003120124805E-4	2.5228787452803374	0.0019679241382841947
側面	1	7.8003120124805E-4	2.5228787452803374	0.0019679241382841947
未来	1	7.8003120124805E-4	2.5228787452803374	0.0019679241382841947
フィールドワーク	1	7.8003120124805E-4	2.5228787452803374	0.0019679241382841947
レベル	1	7.8003120124805E-4	2.5228787452803374	0.0019679241382841947
種別	1	7.8003120124805E-4	2.5228787452803374	0.0019679241382841947
姉	1	7.8003120124805E-4	2.5228787452803374	0.0019679241382841947
配慮	1	7.8003120124805E-4	2.5228787452803374	0.0019679241382841947
尽力	1	7.8003120124805E-4	2.5228787452803374	0.0019679241382841947
在籍	1	7.8003120124805E-4	2.5228787452803374	0.0019679241382841947
空襲	1	7.8003120124805E-4	2.5228787452803374	0.0019679241382841947
各駅	1	7.8003120124805E-4	2.5228787452803374	0.0019679241382841947
財団	1	7.8003120124805E-4	2.5228787452803374	0.0019679241382841947
幹	1	7.8003120124805E-4	2.5228787452803374	0.0019679241382841947
所蔵	1	7.8003120124805E-4	2.5228787452803374	0.0019679241382841947
認可	1	7.8003120124805E-4	2.5228787452803374	0.0019679241382841947
閉鎖	1	7.8003120124805E-4	2.5228787452803374	0.0019679241382841947
短期大学	1	7.8003120124805E-4	2.5228787452803374	0.0019679241382841947
四季	1	7.8003120124805E-4	2.5228787452803374	0.0019679241382841947
申請	1	7.8003120124805E-4	2.5228787452803374	0.0019679241382841947
購入	1	7.8003120124805E-4	2.5228787452803374	0.0019679241382841947
土地	1	7.8003120124805E-4	2.5228787452803374	0.0019679241382841947
達	1	7.8003120124805E-4	2.3979400086720375	0.0018704680254852087
中島	1	7.8003120124805E-4	2.3979400086720375	0.0018704680254852087
ビジネス	1	7.8003120124805E-4	2.3979400086720375	0.0018704680254852087
所在	1	7.8003120124805E-4	2.3979400086720375	0.0018704680254852087
転換	1	7.8003120124805E-4	2.3979400086720375	0.0018704680254852087
太平洋戦争	1	7.8003120124805E-4	2.3979400086720375	0.0018704680254852087
緑	1	7.8003120124805E-4	2.3979400086720375	0.0018704680254852087
発祥	1	7.8003120124805E-4	2.3979400086720375	0.0018704680254852087
図書館	1	7.8003120124805E-4	2.3979400086720375	0.0018704680254852087
海外	1	7.8003120124805E-4	2.3979400086720375	0.0018704680254852087
相互	1	7.8003120124805E-4	2.3979400086720375	0.0018704680254852087
中学	1	7.8003120124805E-4	2.3979400086720375	0.0018704680254852087
茂	1	7.8003120124805E-4	2.3979400086720375	0.0018704680254852087
永遠	1	7.8003120124805E-4	2.3979400086720375	0.0018704680254852087
イタリア	1	7.8003120124805E-4	2.3010299956639813	0.0017948751916255705
制定	1	7.8003120124805E-4	2.3010299956639813	0.0017948751916255705
生涯	1	7.8003120124805E-4	2.3010299956639813	0.0017948751916255705
年表	1	7.8003120124805E-4	2.3010299956639813	0.0017948751916255705
表現	1	7.8003120124805E-4	2.3010299956639813	0.0017948751916255705
積極	1	7.8003120124805E-4	2.3010299956639813	0.0017948751916255705
能力	1	7.8003120124805E-4	2.3010299956639813	0.0017948751916255705
自分	1	7.8003120124805E-4	2.3010299956639813	0.0017948751916255705
女	1	7.8003120124805E-4	2.3010299956639813	0.0017948751916255705
秋	1	7.8003120124805E-4	2.3010299956639813	0.0017948751916255705
伝統	1	7.8003120124805E-4	2.3010299956639813	0.0017948751916255705
丘	1	7.8003120124805E-4	2.3010299956639813	0.0017948751916255705
作詞	1	7.8003120124805E-4	2.3010299956639813	0.0017948751916255705
身	1	7.8003120124805E-4	2.3010299956639813	0.0017948751916255705
授業	1	7.8003120124805E-4	2.3010299956639813	0.0017948751916255705
育成	1	7.8003120124805E-4	2.3010299956639813	0.0017948751916255705
募集	1	7.8003120124805E-4	2.3010299956639813	0.0017948751916255705
月	2	0.0015600624024961	1.1307682802690238	0.0017640690799828765
関連	2	0.0015600624024961	1.1191864077192086	0.0017460006360674083
達成	1	7.8003120124805E-4	2.221848749616356	0.001733111349154724
実現	1	7.8003120124805E-4	2.221848749616356	0.001733111349154724
今日	1	7.8003120124805E-4	2.221848749616356	0.001733111349154724
付属	1	7.8003120124805E-4	2.221848749616356	0.001733111349154724
新た	1	7.8003120124805E-4	2.221848749616356	0.001733111349154724
太郎	1	7.8003120124805E-4	2.221848749616356	0.001733111349154724
略称	1	7.8003120124805E-4	2.221848749616356	0.001733111349154724
編成	1	7.8003120124805E-4	2.221848749616356	0.001733111349154724
本来	1	7.8003120124805E-4	2.221848749616356	0.001733111349154724
藩	1	7.8003120124805E-4	2.221848749616356	0.001733111349154724
それら	1	7.8003120124805E-4	2.221848749616356	0.001733111349154724
従来	1	7.8003120124805E-4	2.221848749616356	0.001733111349154724
領域	1	7.8003120124805E-4	2.221848749616356	0.001733111349154724
夫人	1	7.8003120124805E-4	2.221848749616356	0.001733111349154724
圏	1	7.8003120124805E-4	2.221848749616356	0.001733111349154724
木	1	7.8003120124805E-4	2.221848749616356	0.001733111349154724
字	1	7.8003120124805E-4	2.221848749616356	0.001733111349154724
イベント	1	7.8003120124805E-4	2.221848749616356	0.001733111349154724
分野	1	7.8003120124805E-4	2.154901959985743	0.0016808907644194565
支援	1	7.8003120124805E-4	2.154901959985743	0.0016808907644194565
リスト	1	7.8003120124805E-4	2.154901959985743	0.0016808907644194565
春	1	7.8003120124805E-4	2.154901959985743	0.0016808907644194565
運用	1	7.8003120124805E-4	2.154901959985743	0.0016808907644194565
理解	1	7.8003120124805E-4	2.154901959985743	0.0016808907644194565
作曲	1	7.8003120124805E-4	2.154901959985743	0.0016808907644194565
歌	1	7.8003120124805E-4	2.154901959985743	0.0016808907644194565
建築	1	7.8003120124805E-4	2.0969100130080562	0.0016356552363557381
氏	1	7.8003120124805E-4	2.0969100130080562	0.0016356552363557381
毎年	1	7.8003120124805E-4	2.0969100130080562	0.0016356552363557381
山	1	7.8003120124805E-4	2.0969100130080562	0.0016356552363557381
共同	1	7.8003120124805E-4	2.0969100130080562	0.0016356552363557381
設計	1	7.8003120124805E-4	2.0969100130080562	0.0016356552363557381
委員	1	7.8003120124805E-4	2.0969100130080562	0.0016356552363557381
院	1	7.8003120124805E-4	2.0969100130080562	0.0016356552363557381
百	1	7.8003120124805E-4	2.0969100130080562	0.0016356552363557381
制度	1	7.8003120124805E-4	2.0969100130080562	0.0016356552363557381
各地	1	7.8003120124805E-4	2.0969100130080562	0.0016356552363557381
卒業	1	7.8003120124805E-4	2.045757490560675	0.0015957546728242395
開催	1	7.8003120124805E-4	2.045757490560675	0.0015957546728242395
詳細	1	7.8003120124805E-4	2.045757490560675	0.0015957546728242395
イギリス	1	7.8003120124805E-4	2.045757490560675	0.0015957546728242395
程度	1	7.8003120124805E-4	2.045757490560675	0.0015957546728242395
国内	1	7.8003120124805E-4	2.045757490560675	0.0015957546728242395
体	1	7.8003120124805E-4	2.045757490560675	0.0015957546728242395
特徴	1	7.8003120124805E-4	2.0	0.0015600624024961
風	1	7.8003120124805E-4	2.0	0.0015600624024961
近年	1	7.8003120124805E-4	2.0	0.0015600624024961
時期	1	7.8003120124805E-4	2.0	0.0015600624024961
意味	1	7.8003120124805E-4	2.0	0.0015600624024961
子	1	7.8003120124805E-4	2.0	0.0015600624024961
依頼	1	7.8003120124805E-4	1.958607314841775	0.0015277748165692473
管理	1	7.8003120124805E-4	1.958607314841775	0.0015277748165692473
小学校	1	7.8003120124805E-4	1.958607314841775	0.0015277748165692473
通称	1	7.8003120124805E-4	1.958607314841775	0.0015277748165692473
発展	1	7.8003120124805E-4	1.958607314841775	0.0015277748165692473
年間	1	7.8003120124805E-4	1.958607314841775	0.0015277748165692473
保護	1	7.8003120124805E-4	1.958607314841775	0.0015277748165692473
路線	1	7.8003120124805E-4	1.9208187539523753	0.0014982985600252537
花	1	7.8003120124805E-4	1.9208187539523753	0.0014982985600252537
大正	1	7.8003120124805E-4	1.9208187539523753	0.0014982985600252537
音楽	1	7.8003120124805E-4	1.9208187539523753	0.0014982985600252537
誕生	1	7.8003120124805E-4	1.8860566476931633	0.0014711830325219682
地域	1	7.8003120124805E-4	1.8860566476931633	0.0014711830325219682
台	1	7.8003120124805E-4	1.8860566476931633	0.0014711830325219682
担当	1	7.8003120124805E-4	1.853871964321762	0.001446077975289986
構成	1	7.8003120124805E-4	1.853871964321762	0.001446077975289986
多数	1	7.8003120124805E-4	1.853871964321762	0.001446077975289986
頃	1	7.8003120124805E-4	1.8239087409443187	0.0014227057261656153
法	1	7.8003120124805E-4	1.8239087409443187	0.0014227057261656153
問題	1	7.8003120124805E-4	1.8239087409443187	0.0014227057261656153
館	1	7.8003120124805E-4	1.7958800173440752	0.0014008424472262678
参照	1	7.8003120124805E-4	1.7958800173440752	0.0014008424472262678
社会	1	7.8003120124805E-4	1.7695510786217261	0.0013803050535270876
下	1	7.8003120124805E-4	1.7695510786217261	0.0013803050535270876
軍	1	7.8003120124805E-4	1.7695510786217261	0.0013803050535270876
系	1	7.8003120124805E-4	1.744727494896694	0.0013609418836947691
型	1	7.8003120124805E-4	1.744727494896694	0.0013609418836947691
交通	1	7.8003120124805E-4	1.7212463990471711	0.0013426258962926452
ほか	1	7.8003120124805E-4	1.7212463990471711	0.0013426258962926452
次	1	7.8003120124805E-4	1.6575773191777938	0.0012929620274397767
情報	1	7.8003120124805E-4	1.638272163982407	0.0012779034040424392
必要	1	7.8003120124805E-4	1.638272163982407	0.0012779034040424392
内	1	7.8003120124805E-4	1.619788758288394	0.0012634857708957834
存在	1	7.8003120124805E-4	1.5686362358410126	0.0012235852073642845
上	1	7.8003120124805E-4	1.5228787452803376	0.001187892937036145
時	1	7.8003120124805E-4	1.5086383061657274	0.0011767849502072757
人物	1	7.8003120124805E-4	1.5086383061657274	0.0011767849502072757
歴	1	7.8003120124805E-4	1.5086383061657274	0.0011767849502072757
家	1	7.8003120124805E-4	1.5086383061657274	0.0011767849502072757
使用	1	7.8003120124805E-4	1.4685210829577449	0.001145492264397617
記事	1	7.8003120124805E-4	1.4685210829577449	0.001145492264397617
協力	1	7.8003120124805E-4	1.4436974992327127	0.0011261290945652985
これ	1	7.8003120124805E-4	1.408935392973501	0.0010990135670620133
話	1	7.8003120124805E-4	1.3565473235138126	0.0010581492383103061
現在	1	7.8003120124805E-4	1.3467874862246563	0.00105053626070566
・	1	7.8003120124805E-4	1.337242168318426	0.0010430906149129688
編	1	7.8003120124805E-4	1.3279021420642825	0.0010358051030142609
後	1	7.8003120124805E-4	1.2596373105057561	9.82556404450668E-4
表示	1	7.8003120124805E-4	1.1426675035687315	8.913163054358281E-4
目次	1	7.8003120124805E-4	1.1426675035687315	8.913163054358281E-4
作成	1	7.8003120124805E-4	1.00436480540245	7.83435885649337E-4
カテゴリ	1	7.8003120124805E-4	1.00436480540245	7.83435885649337E-4
移動	1	7.8003120124805E-4	1.0	7.8003120124805E-4
事典	1	7.8003120124805E-4	1.0	7.8003120124805E-4
フリー	1	7.8003120124805E-4	1.0	7.8003120124805E-4
出典	1	7.8003120124805E-4	1.0	7.8003120124805E-4
百科	1	7.8003120124805E-4	1.0	7.8003120124805E-4
検索	1	7.8003120124805E-4	1.0	7.8003120124805E-4
