#語	出現回数	TF	IDF	TF-IDF	
ケルン	30	0.027522935779816515	3.0	0.08256880733944955
線	51	0.046788990825688076	1.6989700043360187	0.07949309194599721
駅	41	0.03761467889908257	1.744727494896694	0.06562736448693987
高速	27	0.024770642201834864	2.0969100130080562	0.05194180766166745
空港	23	0.02110091743119266	2.3979400086720375	0.05059873412794208
鉄道	26	0.023853211009174313	2.0	0.047706422018348627
フランクフルト	16	0.014678899082568808	3.0	0.044036697247706424
ボン	12	0.011009174311926606	3.0	0.03302752293577982
列車	16	0.014678899082568808	2.221848749616356	0.032614293572350184
路線	18	0.01651376146788991	1.9208187539523753	0.031719942725819045
ライン	12	0.011009174311926606	2.6989700043360187	0.029713431240396538
建設	15	0.013761467889908258	2.045757490560675	0.02815262601689002
ルート	11	0.010091743119266056	2.6989700043360187	0.027237311970363495
号線	11	0.010091743119266056	2.5228787452803374	0.025460244218425424
区間	12	0.011009174311926606	2.3010299956639813	0.025332440319236493
軌道	10	0.009174311926605505	2.5228787452803374	0.023145676562204932
開業	12	0.011009174311926606	2.045757490560675	0.022522100813512018
計画	12	0.011009174311926606	2.0	0.022018348623853212
勾配	8	0.007339449541284404	3.0	0.022018348623853212
マイン	8	0.007339449541284404	3.0	0.022018348623853212
ドイツ	11	0.010091743119266056	2.0969100130080562	0.021161477195494147
月	19	0.01743119266055046	1.1307682802690238	0.01971063974780867
中央	11	0.010091743119266056	1.9208187539523753	0.019384409443556083
年	20	0.01834862385321101	1.0409586076789064	0.019100157939062504
方向	9	0.008256880733944955	2.154901959985743	0.017792768476946504
接続	7	0.006422018348623854	2.6989700043360187	0.017332834890231314
ループ	7	0.006422018348623854	2.6989700043360187	0.017332834890231314
ため	15	0.013761467889908258	1.2291479883578558	0.01691488057373196
分岐	6	0.005504587155963303	3.0	0.01651376146788991
アウトバーン	6	0.005504587155963303	3.0	0.01651376146788991
速度	7	0.006422018348623854	2.3979400086720375	0.015399614734591067
最高	8	0.007339449541284404	2.0969100130080562	0.015390165233086651
州	9	0.008256880733944955	1.853871964321762	0.015307199705409046
日	14	0.012844036697247707	1.1804560644581312	0.015161821011388842
新駅	5	0.0045871559633027525	3.0	0.013761467889908258
連邦	6	0.005504587155963303	2.3010299956639813	0.012666220159618246
方面	7	0.006422018348623854	1.9208187539523753	0.012335533282262962
規格	6	0.005504587155963303	2.154901959985743	0.01186184565129767
走行	5	0.0045871559633027525	2.5228787452803374	0.011572838281102466
ジーク	4	0.003669724770642202	3.0	0.011009174311926606
半径	4	0.003669724770642202	3.0	0.011009174311926606
経由	5	0.0045871559633027525	2.3979400086720375	0.01099972481042219
橋	5	0.0045871559633027525	2.3010299956639813	0.010555183466348539
トンネル	5	0.0045871559633027525	2.3010299956639813	0.010555183466348539
連絡	5	0.0045871559633027525	2.3010299956639813	0.010555183466348539
運転	5	0.0045871559633027525	2.3010299956639813	0.010555183466348539
間	7	0.006422018348623854	1.5686362358410126	0.010073810688887238
方式	5	0.0045871559633027525	2.154901959985743	0.009884871376081392
コンクリート	4	0.003669724770642202	2.5228787452803374	0.009258270624881973
変更	5	0.0045871559633027525	1.958607314841775	0.00898443722404484
南	5	0.0045871559633027525	1.9208187539523753	0.0088110952016164
現在	7	0.006422018348623854	1.3467874862246563	0.008649093948231738
編集	9	0.008256880733944955	1.0177287669604316	0.008403265048297142
的	7	0.006422018348623854	1.2924298239020637	0.008300008043407749
近距離	3	0.0027522935779816515	3.0	0.008256880733944955
マンハイム	3	0.0027522935779816515	3.0	0.008256880733944955
コブ	3	0.0027522935779816515	3.0	0.008256880733944955
レール	3	0.0027522935779816515	3.0	0.008256880733944955
それぞれ	4	0.003669724770642202	2.221848749616356	0.008153573393087546
開始	5	0.0045871559633027525	1.7212463990471711	0.00789562568370262
決定	4	0.003669724770642202	2.0969100130080562	0.007695082616543326
率	4	0.003669724770642202	2.0969100130080562	0.007695082616543326
右岸	3	0.0027522935779816515	2.6989700043360187	0.0074283578100991345
間隔	3	0.0027522935779816515	2.6989700043360187	0.0074283578100991345
固定	3	0.0027522935779816515	2.6989700043360187	0.0074283578100991345
曲	4	0.003669724770642202	1.9208187539523753	0.007048876161293121
レンツ	3	0.0027522935779816515	2.5228787452803374	0.0069437029686614795
北	4	0.003669724770642202	1.8860566476931633	0.006921308798873994
旅客	3	0.0027522935779816515	2.3979400086720375	0.006599834886253314
協議	3	0.0027522935779816515	2.3979400086720375	0.006599834886253314
貨物	3	0.0027522935779816515	2.3979400086720375	0.006599834886253314
系統	3	0.0027522935779816515	2.3979400086720375	0.006599834886253314
中心	4	0.003669724770642202	1.7695510786217261	0.006493765426134775
工事	3	0.0027522935779816515	2.3010299956639813	0.006333110079809123
通過	3	0.0027522935779816515	2.221848749616356	0.0061151800448156594
沿い	3	0.0027522935779816515	2.221848749616356	0.0061151800448156594
最大	3	0.0027522935779816515	2.0969100130080562	0.005771311962407494
整備	3	0.0027522935779816515	2.0969100130080562	0.005771311962407494
その後	4	0.003669724770642202	1.537602002101044	0.005642576154499244
かなり	2	0.001834862385321101	3.0	0.005504587155963303
費	2	0.001834862385321101	3.0	0.005504587155963303
ラインラント	2	0.001834862385321101	3.0	0.005504587155963303
線形	2	0.001834862385321101	3.0	0.005504587155963303
転	2	0.001834862385321101	3.0	0.005504587155963303
リート	2	0.001834862385321101	3.0	0.005504587155963303
遠距離	2	0.001834862385321101	3.0	0.005504587155963303
スラブ	2	0.001834862385321101	3.0	0.005504587155963303
南橋	2	0.001834862385321101	3.0	0.005504587155963303
これら	3	0.0027522935779816515	1.958607314841775	0.005390662334426904
完成	3	0.0027522935779816515	1.9208187539523753	0.005286657120969841
最初	3	0.0027522935779816515	1.9208187539523753	0.005286657120969841
国際	3	0.0027522935779816515	1.8860566476931633	0.005190981599155496
動力	2	0.001834862385321101	2.6989700043360187	0.004952238540066089
着工	2	0.001834862385321101	2.6989700043360187	0.004952238540066089
沿線	2	0.001834862385321101	2.6989700043360187	0.004952238540066089
在来	2	0.001834862385321101	2.6989700043360187	0.004952238540066089
以内	2	0.001834862385321101	2.6989700043360187	0.004952238540066089
デュッセルドルフ	2	0.001834862385321101	2.6989700043360187	0.004952238540066089
電化	2	0.001834862385321101	2.6989700043360187	0.004952238540066089
敷設	2	0.001834862385321101	2.6989700043360187	0.004952238540066089
複線	2	0.001834862385321101	2.6989700043360187	0.004952238540066089
費用	2	0.001834862385321101	2.6989700043360187	0.004952238540066089
設置	3	0.0027522935779816515	1.7958800173440752	0.004942789038561675
運輸	2	0.001834862385321101	2.5228787452803374	0.004629135312440987
拡張	2	0.001834862385321101	2.5228787452803374	0.004629135312440987
大臣	2	0.001834862385321101	2.5228787452803374	0.004629135312440987
交渉	2	0.001834862385321101	2.5228787452803374	0.004629135312440987
部	3	0.0027522935779816515	1.619788758288394	0.004458134197124021
往復	2	0.001834862385321101	2.3979400086720375	0.0043998899241688766
本線	2	0.001834862385321101	2.3979400086720375	0.0043998899241688766
経路	2	0.001834862385321101	2.3979400086720375	0.0043998899241688766
訴訟	2	0.001834862385321101	2.3979400086720375	0.0043998899241688766
者	4	0.003669724770642202	1.1870866433571445	0.0043562812600262185
頁	2	0.001834862385321101	2.3010299956639813	0.004222073386539416
川	2	0.001834862385321101	2.3010299956639813	0.004222073386539416
従来	2	0.001834862385321101	2.221848749616356	0.004076786696543773
編成	2	0.001834862385321101	2.221848749616356	0.004076786696543773
隣接	2	0.001834862385321101	2.221848749616356	0.004076786696543773
最終	2	0.001834862385321101	2.154901959985743	0.003953948550432556
反対	2	0.001834862385321101	2.154901959985743	0.003953948550432556
都市	2	0.001834862385321101	2.0969100130080562	0.003847541308271663
全長	2	0.001834862385321101	2.0969100130080562	0.003847541308271663
直接	2	0.001834862385321101	2.0969100130080562	0.003847541308271663
法律	2	0.001834862385321101	2.0969100130080562	0.003847541308271663
専用	2	0.001834862385321101	2.0969100130080562	0.003847541308271663
対応	2	0.001834862385321101	2.0969100130080562	0.003847541308271663
中	3	0.0027522935779816515	1.3665315444204136	0.003761095993817652
最後	2	0.001834862385321101	2.045757490560675	0.0037536834689186694
詳細	2	0.001834862385321101	2.045757490560675	0.0037536834689186694
通り	2	0.001834862385321101	2.045757490560675	0.0037536834689186694
付近	2	0.001834862385321101	2.045757490560675	0.0037536834689186694
沿革	2	0.001834862385321101	2.0	0.003669724770642202
調査	2	0.001834862385321101	2.0	0.003669724770642202
当初	2	0.001834862385321101	1.958607314841775	0.0035937748896179363
政府	2	0.001834862385321101	1.958607314841775	0.0035937748896179363
営業	2	0.001834862385321101	1.9208187539523753	0.0035244380806465606
技術	2	0.001834862385321101	1.9208187539523753	0.0035244380806465606
人	3	0.0027522935779816515	1.2596373105057561	0.003466891680291072
後	3	0.0027522935779816515	1.2596373105057561	0.003466891680291072
地域	2	0.001834862385321101	1.8860566476931633	0.003460654399436997
位置	2	0.001834862385321101	1.853871964321762	0.0034015999345353436
問題	2	0.001834862385321101	1.8239087409443187	0.0033466215430170984
面	2	0.001834862385321101	1.8239087409443187	0.0033466215430170984
機関	2	0.001834862385321101	1.7958800173440752	0.00329519269237445
万	2	0.001834862385321101	1.7695510786217261	0.0032468827130673877
以降	2	0.001834862385321101	1.744727494896694	0.003201334853021457
一般	2	0.001834862385321101	1.7212463990471711	0.003158250273481048
交通	2	0.001834862385321101	1.7212463990471711	0.003158250273481048
文献	2	0.001834862385321101	1.6989700043360187	0.003117376154744989
関連	3	0.0027522935779816515	1.1191864077192086	0.003080329562529932
参考	2	0.001834862385321101	1.6777807052660807	0.00307849670691024
概要	2	0.001834862385321101	1.638272163982407	0.003006003970609921
利用	2	0.001834862385321101	1.6020599913279625	0.0029395596171155275
加筆	2	0.001834862385321101	1.5086383061657274	0.002768143681038032
訂正	2	0.001834862385321101	1.5086383061657274	0.002768143681038032
鍬入れ	1	9.174311926605505E-4	3.0	0.0027522935779816515
体系	1	9.174311926605505E-4	3.0	0.0027522935779816515
来賓	1	9.174311926605505E-4	3.0	0.0027522935779816515
ミュンヘン	1	9.174311926605505E-4	3.0	0.0027522935779816515
スタート	1	9.174311926605505E-4	3.0	0.0027522935779816515
長距離	1	9.174311926605505E-4	3.0	0.0027522935779816515
急	1	9.174311926605505E-4	3.0	0.0027522935779816515
登坂	1	9.174311926605505E-4	3.0	0.0027522935779816515
バーゼル	1	9.174311926605505E-4	3.0	0.0027522935779816515
枕木	1	9.174311926605505E-4	3.0	0.0027522935779816515
組み立て	1	9.174311926605505E-4	3.0	0.0027522935779816515
東原	1	9.174311926605505E-4	3.0	0.0027522935779816515
暫定	1	9.174311926605505E-4	3.0	0.0027522935779816515
乗り入れ	1	9.174311926605505E-4	3.0	0.0027522935779816515
ドルトムント	1	9.174311926605505E-4	3.0	0.0027522935779816515
各線	1	9.174311926605505E-4	3.0	0.0027522935779816515
ユーロ	1	9.174311926605505E-4	3.0	0.0027522935779816515
同月	1	9.174311926605505E-4	3.0	0.0027522935779816515
西ドイツ	1	9.174311926605505E-4	3.0	0.0027522935779816515
低減	1	9.174311926605505E-4	3.0	0.0027522935779816515
交点	1	9.174311926605505E-4	3.0	0.0027522935779816515
動員	1	9.174311926605505E-4	3.0	0.0027522935779816515
翌月	1	9.174311926605505E-4	3.0	0.0027522935779816515
土砂	1	9.174311926605505E-4	3.0	0.0027522935779816515
増発	1	9.174311926605505E-4	3.0	0.0027522935779816515
莫大	1	9.174311926605505E-4	3.0	0.0027522935779816515
昭彦	1	9.174311926605505E-4	3.0	0.0027522935779816515
空港南	1	9.174311926605505E-4	3.0	0.0027522935779816515
採鉱	1	9.174311926605505E-4	3.0	0.0027522935779816515
用地	1	9.174311926605505E-4	3.0	0.0027522935779816515
走り	1	9.174311926605505E-4	3.0	0.0027522935779816515
別れ	1	9.174311926605505E-4	3.0	0.0027522935779816515
対策	1	9.174311926605505E-4	3.0	0.0027522935779816515
多用	1	9.174311926605505E-4	3.0	0.0027522935779816515
節約	1	9.174311926605505E-4	3.0	0.0027522935779816515
ディーゼル	1	9.174311926605505E-4	3.0	0.0027522935779816515
高低	1	9.174311926605505E-4	3.0	0.0027522935779816515
直線	1	9.174311926605505E-4	3.0	0.0027522935779816515
調停	1	9.174311926605505E-4	3.0	0.0027522935779816515
セレモニー	1	9.174311926605505E-4	3.0	0.0027522935779816515
予約	1	9.174311926605505E-4	3.0	0.0027522935779816515
偏差	1	9.174311926605505E-4	3.0	0.0027522935779816515
ブロック	1	9.174311926605505E-4	3.0	0.0027522935779816515
網	1	9.174311926605505E-4	3.0	0.0027522935779816515
既存	1	9.174311926605505E-4	3.0	0.0027522935779816515
ジャーナル	1	9.174311926605505E-4	3.0	0.0027522935779816515
頻度	1	9.174311926605505E-4	3.0	0.0027522935779816515
アーヘン	1	9.174311926605505E-4	3.0	0.0027522935779816515
記事	2	0.001834862385321101	1.4685210829577449	0.0026945340971701744
協力	2	0.001834862385321101	1.4436974992327127	0.0026489862371242437
の	2	0.001834862385321101	1.3767507096020997	0.002526148091013027
分散	1	9.174311926605505E-4	2.6989700043360187	0.0024761192700330447
到達	1	9.174311926605505E-4	2.6989700043360187	0.0024761192700330447
バイパス	1	9.174311926605505E-4	2.6989700043360187	0.0024761192700330447
集中	1	9.174311926605505E-4	2.6989700043360187	0.0024761192700330447
考え方	1	9.174311926605505E-4	2.6989700043360187	0.0024761192700330447
軌間	1	9.174311926605505E-4	2.6989700043360187	0.0024761192700330447
検討	1	9.174311926605505E-4	2.6989700043360187	0.0024761192700330447
同意	1	9.174311926605505E-4	2.6989700043360187	0.0024761192700330447
その間	1	9.174311926605505E-4	2.6989700043360187	0.0024761192700330447
推奨	1	9.174311926605505E-4	2.6989700043360187	0.0024761192700330447
架線	1	9.174311926605505E-4	2.6989700043360187	0.0024761192700330447
改変	1	9.174311926605505E-4	2.6989700043360187	0.0024761192700330447
結局	1	9.174311926605505E-4	2.6989700043360187	0.0024761192700330447
スピーチ	1	9.174311926605505E-4	2.6989700043360187	0.0024761192700330447
ルール	1	9.174311926605505E-4	2.6989700043360187	0.0024761192700330447
両用	1	9.174311926605505E-4	2.6989700043360187	0.0024761192700330447
地平	1	9.174311926605505E-4	2.6989700043360187	0.0024761192700330447
迂回	1	9.174311926605505E-4	2.6989700043360187	0.0024761192700330447
延長	1	9.174311926605505E-4	2.6989700043360187	0.0024761192700330447
アムステルダム	1	9.174311926605505E-4	2.6989700043360187	0.0024761192700330447
全線	1	9.174311926605505E-4	2.6989700043360187	0.0024761192700330447
操車	1	9.174311926605505E-4	2.6989700043360187	0.0024761192700330447
橋梁	1	9.174311926605505E-4	2.6989700043360187	0.0024761192700330447
仕様	1	9.174311926605505E-4	2.6989700043360187	0.0024761192700330447
新	1	9.174311926605505E-4	2.6989700043360187	0.0024761192700330447
地質	1	9.174311926605505E-4	2.6989700043360187	0.0024761192700330447
管区	1	9.174311926605505E-4	2.6989700043360187	0.0024761192700330447
番線	1	9.174311926605505E-4	2.6989700043360187	0.0024761192700330447
毎	1	9.174311926605505E-4	2.6989700043360187	0.0024761192700330447
断念	1	9.174311926605505E-4	2.6989700043360187	0.0024761192700330447
予定	1	9.174311926605505E-4	2.5228787452803374	0.0023145676562204933
両	1	9.174311926605505E-4	2.5228787452803374	0.0023145676562204933
案	1	9.174311926605505E-4	2.5228787452803374	0.0023145676562204933
調整	1	9.174311926605505E-4	2.5228787452803374	0.0023145676562204933
うえ	1	9.174311926605505E-4	2.5228787452803374	0.0023145676562204933
横断	1	9.174311926605505E-4	2.5228787452803374	0.0023145676562204933
中止	1	9.174311926605505E-4	2.5228787452803374	0.0023145676562204933
解決	1	9.174311926605505E-4	2.5228787452803374	0.0023145676562204933
折り返し	1	9.174311926605505E-4	2.5228787452803374	0.0023145676562204933
並行	1	9.174311926605505E-4	2.5228787452803374	0.0023145676562204933
公募	1	9.174311926605505E-4	2.5228787452803374	0.0023145676562204933
曲線	1	9.174311926605505E-4	2.5228787452803374	0.0023145676562204933
当	1	9.174311926605505E-4	2.5228787452803374	0.0023145676562204933
混乱	1	9.174311926605505E-4	2.5228787452803374	0.0023145676562204933
装置	1	9.174311926605505E-4	2.5228787452803374	0.0023145676562204933
回避	1	9.174311926605505E-4	2.5228787452803374	0.0023145676562204933
あたり	1	9.174311926605505E-4	2.5228787452803374	0.0023145676562204933
議論	1	9.174311926605505E-4	2.5228787452803374	0.0023145676562204933
地点	1	9.174311926605505E-4	2.5228787452803374	0.0023145676562204933
郊外	1	9.174311926605505E-4	2.5228787452803374	0.0023145676562204933
コスト	1	9.174311926605505E-4	2.5228787452803374	0.0023145676562204933
連続	1	9.174311926605505E-4	2.5228787452803374	0.0023145676562204933
合意	1	9.174311926605505E-4	2.3979400086720375	0.0021999449620844383
始め	1	9.174311926605505E-4	2.3979400086720375	0.0021999449620844383
渓谷	1	9.174311926605505E-4	2.3979400086720375	0.0021999449620844383
自治体	1	9.174311926605505E-4	2.3979400086720375	0.0021999449620844383
結合	1	9.174311926605505E-4	2.3979400086720375	0.0021999449620844383
十分	1	9.174311926605505E-4	2.3979400086720375	0.0021999449620844383
転換	1	9.174311926605505E-4	2.3979400086720375	0.0021999449620844383
東側	1	9.174311926605505E-4	2.3979400086720375	0.0021999449620844383
北西	1	9.174311926605505E-4	2.3979400086720375	0.0021999449620844383
保安	1	9.174311926605505E-4	2.3979400086720375	0.0021999449620844383
重視	1	9.174311926605505E-4	2.3979400086720375	0.0021999449620844383
考慮	1	9.174311926605505E-4	2.3979400086720375	0.0021999449620844383
一緒	1	9.174311926605505E-4	2.3979400086720375	0.0021999449620844383
犠牲	1	9.174311926605505E-4	2.3979400086720375	0.0021999449620844383
オプション	1	9.174311926605505E-4	2.3979400086720375	0.0021999449620844383
社長	1	9.174311926605505E-4	2.3979400086720375	0.0021999449620844383
報道	1	9.174311926605505E-4	2.3010299956639813	0.002111036693269708
行政	1	9.174311926605505E-4	2.3010299956639813	0.002111036693269708
非常	1	9.174311926605505E-4	2.3010299956639813	0.002111036693269708
西側	1	9.174311926605505E-4	2.3010299956639813	0.002111036693269708
制限	1	9.174311926605505E-4	2.3010299956639813	0.002111036693269708
フランス	1	9.174311926605505E-4	2.3010299956639813	0.002111036693269708
赤	1	9.174311926605505E-4	2.3010299956639813	0.002111036693269708
箇所	1	9.174311926605505E-4	2.3010299956639813	0.002111036693269708
作業	1	9.174311926605505E-4	2.3010299956639813	0.002111036693269708
出力	1	9.174311926605505E-4	2.3010299956639813	0.002111036693269708
現場	1	9.174311926605505E-4	2.3010299956639813	0.002111036693269708
項目	2	0.001834862385321101	1.1426675035687315	0.0020966376212270305
達成	1	9.174311926605505E-4	2.221848749616356	0.0020383933482718865
南部	1	9.174311926605505E-4	2.221848749616356	0.0020383933482718865
試験	1	9.174311926605505E-4	2.221848749616356	0.0020383933482718865
新た	1	9.174311926605505E-4	2.221848749616356	0.0020383933482718865
特別	1	9.174311926605505E-4	2.221848749616356	0.0020383933482718865
今	1	9.174311926605505E-4	2.221848749616356	0.0020383933482718865
億	1	9.174311926605505E-4	2.221848749616356	0.0020383933482718865
マルチメディア	1	9.174311926605505E-4	2.221848749616356	0.0020383933482718865
運行	1	9.174311926605505E-4	2.221848749616356	0.0020383933482718865
性能	1	9.174311926605505E-4	2.221848749616356	0.0020383933482718865
候補	1	9.174311926605505E-4	2.221848749616356	0.0020383933482718865
向け	1	9.174311926605505E-4	2.154901959985743	0.001976974275216278
ヨーロッパ	1	9.174311926605505E-4	2.154901959985743	0.001976974275216278
交流	1	9.174311926605505E-4	2.154901959985743	0.001976974275216278
客	1	9.174311926605505E-4	2.154901959985743	0.001976974275216278
ホーム	1	9.174311926605505E-4	2.154901959985743	0.001976974275216278
以前	1	9.174311926605505E-4	2.0969100130080562	0.0019237706541358314
方法	1	9.174311926605505E-4	2.0969100130080562	0.0019237706541358314
近く	1	9.174311926605505E-4	2.0969100130080562	0.0019237706541358314
車	1	9.174311926605505E-4	2.0969100130080562	0.0019237706541358314
一番	1	9.174311926605505E-4	2.0969100130080562	0.0019237706541358314
採用	1	9.174311926605505E-4	2.0969100130080562	0.0019237706541358314
困難	1	9.174311926605505E-4	2.0969100130080562	0.0019237706541358314
国内	1	9.174311926605505E-4	2.045757490560675	0.0018768417344593347
期間	1	9.174311926605505E-4	2.045757490560675	0.0018768417344593347
場所	1	9.174311926605505E-4	2.045757490560675	0.0018768417344593347
アクセス	1	9.174311926605505E-4	2.045757490560675	0.0018768417344593347
環境	1	9.174311926605505E-4	2.045757490560675	0.0018768417344593347
点	1	9.174311926605505E-4	2.0	0.001834862385321101
高	1	9.174311926605505E-4	2.0	0.001834862385321101
周辺	1	9.174311926605505E-4	1.958607314841775	0.0017968874448089681
影響	1	9.174311926605505E-4	1.958607314841775	0.0017968874448089681
員	1	9.174311926605505E-4	1.958607314841775	0.0017968874448089681
形成	1	9.174311926605505E-4	1.958607314841775	0.0017968874448089681
東	1	9.174311926605505E-4	1.958607314841775	0.0017968874448089681
全て	1	9.174311926605505E-4	1.958607314841775	0.0017968874448089681
用	1	9.174311926605505E-4	1.9208187539523753	0.0017622190403232803
側	1	9.174311926605505E-4	1.8860566476931633	0.0017303271997184985
回	1	9.174311926605505E-4	1.8860566476931633	0.0017303271997184985
西	1	9.174311926605505E-4	1.8860566476931633	0.0017303271997184985
部分	1	9.174311926605505E-4	1.7958800173440752	0.001647596346187225
結果	1	9.174311926605505E-4	1.7958800173440752	0.001647596346187225
多く	1	9.174311926605505E-4	1.7958800173440752	0.001647596346187225
本	1	9.174311926605505E-4	1.7958800173440752	0.001647596346187225
学	1	9.174311926605505E-4	1.7958800173440752	0.001647596346187225
下	1	9.174311926605505E-4	1.7695510786217261	0.0016234413565336938
地方	1	9.174311926605505E-4	1.7695510786217261	0.0016234413565336938
場	1	9.174311926605505E-4	1.6989700043360187	0.0015586880773724944
分	1	9.174311926605505E-4	1.6575773191777938	0.0015207131368603613
年代	1	9.174311926605505E-4	1.6575773191777938	0.0015207131368603613
必要	1	9.174311926605505E-4	1.638272163982407	0.0015030019853049606
他	1	9.174311926605505E-4	1.638272163982407	0.0015030019853049606
前	1	9.174311926605505E-4	1.585026652029182	0.0014541528917698919
関係	1	9.174311926605505E-4	1.585026652029182	0.0014541528917698919
時間	1	9.174311926605505E-4	1.585026652029182	0.0014541528917698919
場合	1	9.174311926605505E-4	1.5528419686577808	0.001424625659319065
地	1	9.174311926605505E-4	1.537602002101044	0.001410644038624811
上	1	9.174311926605505E-4	1.5228787452803376	0.0013971364635599428
それ	1	9.174311926605505E-4	1.5228787452803376	0.0013971364635599428
号	1	9.174311926605505E-4	1.5228787452803376	0.0013971364635599428
時	1	9.174311926605505E-4	1.5086383061657274	0.001384071840519016
名	1	9.174311926605505E-4	1.494850021680094	0.0013714220382386184
二	1	9.174311926605505E-4	1.4814860601221125	0.0013591615230478097
使用	1	9.174311926605505E-4	1.4685210829577449	0.0013472670485850872
これ	1	9.174311926605505E-4	1.408935392973501	0.0012926012779573403
・	1	9.174311926605505E-4	1.337242168318426	0.0012268276773563542
表示	1	9.174311926605505E-4	1.1426675035687315	0.0010483188106135152
目次	1	9.174311926605505E-4	1.1426675035687315	0.0010483188106135152
作成	1	9.174311926605505E-4	1.00436480540245	9.214356012866515E-4
カテゴリ	1	9.174311926605505E-4	1.00436480540245	9.214356012866515E-4
移動	1	9.174311926605505E-4	1.0	9.174311926605505E-4
事典	1	9.174311926605505E-4	1.0	9.174311926605505E-4
フリー	1	9.174311926605505E-4	1.0	9.174311926605505E-4
出典	1	9.174311926605505E-4	1.0	9.174311926605505E-4
百科	1	9.174311926605505E-4	1.0	9.174311926605505E-4
検索	1	9.174311926605505E-4	1.0	9.174311926605505E-4
