#語	出現回数	TF	IDF	TF-IDF	
吉原	51	0.043701799485861184	3.0	0.13110539845758357
遊廓	12	0.010282776349614395	3.0	0.030848329048843187
年	34	0.02913453299057412	1.0409586076789064	0.0303278428972432
施行	14	0.011996572407883462	2.5228787452803374	0.030265897544065744
遊女	11	0.009425878320479864	2.6989700043360187	0.025440162851496324
区	12	0.010282776349614395	2.0969100130080562	0.021562056689028854
風俗	8	0.006855184233076264	3.0	0.020565552699228794
ソープ	8	0.006855184233076264	3.0	0.020565552699228794
売春	8	0.006855184233076264	3.0	0.020565552699228794
江戸	12	0.010282776349614395	1.958607314841775	0.02013992097523676
営業	11	0.009425878320479864	1.9208187539523753	0.01810540385045084
台東	7	0.005998286203941731	3.0	0.017994858611825194
遊郭	7	0.005998286203941731	3.0	0.017994858611825194
東京	12	0.010282776349614395	1.744727494896694	0.017940642621045694
現在	15	0.012853470437017995	1.3467874862246563	0.0173108931391344
明治	10	0.00856898029134533	1.9208187539523753	0.0164594580458644
ランド	7	0.005998286203941731	2.6989700043360187	0.016189194541861296
法	10	0.00856898029134533	1.8239087409443187	0.01562903805436434
大火	6	0.005141388174807198	3.0	0.015424164524421594
土手	6	0.005141388174807198	3.0	0.015424164524421594
大門	7	0.005998286203941731	2.5228787452803374	0.015132948772032872
堀	6	0.005141388174807198	2.6989700043360187	0.013876452464452538
都	7	0.005998286203941731	2.3010299956639813	0.01380223647784736
防止	7	0.005998286203941731	2.3010299956639813	0.01380223647784736
武士	6	0.005141388174807198	2.5228787452803374	0.012971098947456747
等	10	0.00856898029134533	1.5086383061657274	0.01292749191230272
洲崎	5	0.004284490145672665	3.0	0.012853470437017995
通り	7	0.005998286203941731	2.045757490560675	0.012271038932240552
軒	5	0.004284490145672665	2.6989700043360187	0.011563710387043782
丁目	6	0.005141388174807198	2.221848749616356	0.011423386887487692
改正	6	0.005141388174807198	2.221848749616356	0.011423386887487692
町	7	0.005998286203941731	1.7958800173440752	0.010772202331969603
編集	12	0.010282776349614395	1.0177287669604316	0.010465077295222946
日本橋	4	0.003427592116538132	3.0	0.010282776349614397
山谷	4	0.003427592116538132	3.0	0.010282776349614397
浅草	4	0.003427592116538132	3.0	0.010282776349614397
トルコ風呂	4	0.003427592116538132	3.0	0.010282776349614397
時代	8	0.006855184233076264	1.408935392973501	0.009658511691335053
街道	4	0.003427592116538132	2.6989700043360187	0.009250968309635026
名所	4	0.003427592116538132	2.5228787452803374	0.0086473992983045
店	5	0.004284490145672665	2.0	0.00856898029134533
地域	5	0.004284490145672665	1.8860566476931633	0.00808079112122178
地	6	0.005141388174807198	1.537602002101044	0.007905408751162179
屋	4	0.003427592116538132	2.3010299956639813	0.007886992273055634
荷風	3	0.002570694087403599	3.0	0.007712082262210797
適正	3	0.002570694087403599	3.0	0.007712082262210797
遊客	3	0.002570694087403599	3.0	0.007712082262210797
衣紋	3	0.002570694087403599	3.0	0.007712082262210797
浴場	3	0.002570694087403599	3.0	0.007712082262210797
家康	3	0.002570694087403599	3.0	0.007712082262210797
丁	3	0.002570694087403599	3.0	0.007712082262210797
花魁	3	0.002570694087403599	3.0	0.007712082262210797
三ノ輪	3	0.002570694087403599	3.0	0.007712082262210797
江東	3	0.002570694087403599	3.0	0.007712082262210797
坂	3	0.002570694087403599	3.0	0.007712082262210797
規制	4	0.003427592116538132	2.221848749616356	0.007615591258325128
寺	4	0.003427592116538132	2.221848749616356	0.007615591258325128
番	4	0.003427592116538132	2.154901959985743	0.007386124969959703
法律	4	0.003427592116538132	2.0969100130080562	0.007187352229676286
期	4	0.003427592116538132	2.045757490560675	0.0070120222469946016
特例	3	0.002570694087403599	2.6989700043360187	0.006938226232226269
条例	3	0.002570694087403599	2.6989700043360187	0.006938226232226269
宿場	3	0.002570694087403599	2.6989700043360187	0.006938226232226269
個室	3	0.002570694087403599	2.6989700043360187	0.006938226232226269
地名	3	0.002570694087403599	2.6989700043360187	0.006938226232226269
間	5	0.004284490145672665	1.5686362358410126	0.006720806494605882
化	5	0.004284490145672665	1.537602002101044	0.006587840625968483
柳	3	0.002570694087403599	2.5228787452803374	0.0064855494737283735
たち	4	0.003427592116538132	1.853871964321762	0.006354316929980333
ため	6	0.005141388174807198	1.2291479883578558	0.006319526932431135
幕府	3	0.002570694087403599	2.3979400086720375	0.006164370202241741
ここ	4	0.003427592116538132	1.7958800173440752	0.006155544189696916
以降	4	0.003427592116538132	1.744727494896694	0.005980214207015232
駅	4	0.003427592116538132	1.744727494896694	0.005980214207015232
赤	3	0.002570694087403599	2.3010299956639813	0.005915244204791725
業務	3	0.002570694087403599	2.3010299956639813	0.005915244204791725
よう	5	0.004284490145672665	1.3767507096020997	0.005898674848338045
一	5	0.004284490145672665	1.3665315444204136	0.0058548909358201095
特殊	3	0.002570694087403599	2.154901959985743	0.005539593727469776
街	3	0.002570694087403599	2.154901959985743	0.005539593727469776
観光	3	0.002570694087403599	2.0969100130080562	0.005390514172257214
方	3	0.002570694087403599	2.045757490560675	0.00525901668524595
四	3	0.002570694087403599	2.045757490560675	0.00525901668524595
正面	2	0.001713796058269066	3.0	0.0051413881748071984
籠	2	0.001713796058269066	3.0	0.0051413881748071984
葦	2	0.001713796058269066	3.0	0.0051413881748071984
駿府	2	0.001713796058269066	3.0	0.0051413881748071984
不可能	2	0.001713796058269066	3.0	0.0051413881748071984
身分	2	0.001713796058269066	3.0	0.0051413881748071984
新選	2	0.001713796058269066	3.0	0.0051413881748071984
東陽	2	0.001713796058269066	3.0	0.0051413881748071984
浄	2	0.001713796058269066	3.0	0.0051413881748071984
竜泉	2	0.001713796058269066	3.0	0.0051413881748071984
実態	2	0.001713796058269066	3.0	0.0051413881748071984
適法	2	0.001713796058269066	3.0	0.0051413881748071984
関東大震災	2	0.001713796058269066	3.0	0.0051413881748071984
川柳	2	0.001713796058269066	3.0	0.0051413881748071984
売買	2	0.001713796058269066	3.0	0.0051413881748071984
近辺	2	0.001713796058269066	3.0	0.0051413881748071984
一葉	2	0.001713796058269066	3.0	0.0051413881748071984
公娼	2	0.001713796058269066	3.0	0.0051413881748071984
日本堤	2	0.001713796058269066	3.0	0.0051413881748071984
開拓	2	0.001713796058269066	3.0	0.0051413881748071984
風営法	2	0.001713796058269066	3.0	0.0051413881748071984
傾城	2	0.001713796058269066	3.0	0.0051413881748071984
人身	2	0.001713796058269066	3.0	0.0051413881748071984
花街	2	0.001713796058269066	3.0	0.0051413881748071984
起源	2	0.001713796058269066	3.0	0.0051413881748071984
名	4	0.003427592116538132	1.494850021680094	0.005123736149717546
同様	3	0.002570694087403599	1.958607314841775	0.00503498024380919
月	5	0.004284490145672665	1.1307682802690238	0.0048447655538518585
バス	3	0.002570694087403599	1.853871964321762	0.004765737697485249
戒名	2	0.001713796058269066	2.6989700043360187	0.004625484154817513
付き	2	0.001713796058269066	2.6989700043360187	0.004625484154817513
町人	2	0.001713796058269066	2.6989700043360187	0.004625484154817513
度目	2	0.001713796058269066	2.6989700043360187	0.004625484154817513
遊び	2	0.001713796058269066	2.6989700043360187	0.004625484154817513
交差点	2	0.001713796058269066	2.6989700043360187	0.004625484154817513
弱	2	0.001713796058269066	2.6989700043360187	0.004625484154817513
束	2	0.001713796058269066	2.6989700043360187	0.004625484154817513
宿	2	0.001713796058269066	2.6989700043360187	0.004625484154817513
許可	2	0.001713796058269066	2.6989700043360187	0.004625484154817513
的	4	0.003427592116538132	1.2924298239020637	0.00442992227558548
交通	3	0.002570694087403599	1.7212463990471711	0.0044247979409952985
線	3	0.002570694087403599	1.6989700043360187	0.00436753214482267
文献	3	0.002570694087403599	1.6989700043360187	0.00436753214482267
現行	2	0.001713796058269066	2.5228787452803374	0.00432369964915225
日光	2	0.001713796058269066	2.5228787452803374	0.00432369964915225
組	2	0.001713796058269066	2.5228787452803374	0.00432369964915225
公認	2	0.001713796058269066	2.5228787452803374	0.00432369964915225
説	2	0.001713796058269066	2.5228787452803374	0.00432369964915225
復活	2	0.001713796058269066	2.5228787452803374	0.00432369964915225
草	2	0.001713796058269066	2.5228787452803374	0.00432369964915225
昭和	3	0.002570694087403599	1.6777807052660807	0.004313060938987354
出典	5	0.004284490145672665	1.0	0.004284490145672665
必要	3	0.002570694087403599	1.638272163982407	0.004211496565507473
一部	3	0.002570694087403599	1.638272163982407	0.004211496565507473
舞台	2	0.001713796058269066	2.3979400086720375	0.0041095801348278276
差	2	0.001713796058269066	2.3979400086720375	0.0041095801348278276
大幅	2	0.001713796058269066	2.3979400086720375	0.0041095801348278276
樋口	2	0.001713796058269066	2.3979400086720375	0.0041095801348278276
焼失	2	0.001713796058269066	2.3979400086720375	0.0041095801348278276
系統	2	0.001713796058269066	2.3979400086720375	0.0041095801348278276
禁止	2	0.001713796058269066	2.3010299956639813	0.003943496136527817
建物	2	0.001713796058269066	2.3010299956639813	0.003943496136527817
入口	2	0.001713796058269066	2.3010299956639813	0.003943496136527817
継続	2	0.001713796058269066	2.3010299956639813	0.003943496136527817
周囲	2	0.001713796058269066	2.3010299956639813	0.003943496136527817
開設	2	0.001713796058269066	2.221848749616356	0.003807795629162564
千	2	0.001713796058269066	2.221848749616356	0.003807795629162564
記事	3	0.002570694087403599	1.4685210829577449	0.0037751184651870044
限り	2	0.001713796058269066	2.154901959985743	0.0036930624849798514
裏	2	0.001713796058269066	2.154901959985743	0.0036930624849798514
客	2	0.001713796058269066	2.154901959985743	0.0036930624849798514
の	3	0.002570694087403599	1.3767507096020997	0.003539204909002827
写真	2	0.001713796058269066	2.045757490560675	0.0035060111234973008
建設	2	0.001713796058269066	2.045757490560675	0.0035060111234973008
類	2	0.001713796058269066	2.0	0.003427592116538132
風	2	0.001713796058269066	2.0	0.003427592116538132
物語	2	0.001713796058269066	1.958607314841775	0.003356653495872794
十	2	0.001713796058269066	1.9208187539523753	0.00329189160917288
廃止	2	0.001713796058269066	1.8860566476931633	0.0032323164484887117
北	2	0.001713796058269066	1.8860566476931633	0.0032323164484887117
女性	2	0.001713796058269066	1.853871964321762	0.0031771584649901664
頃	2	0.001713796058269066	1.8239087409443187	0.0031258076108728683
内容	2	0.001713796058269066	1.8239087409443187	0.0031258076108728683
参照	2	0.001713796058269066	1.7958800173440752	0.003077772094848458
多く	2	0.001713796058269066	1.7958800173440752	0.003077772094848458
者	3	0.002570694087403599	1.1870866433571445	0.003051636615313996
日本	3	0.002570694087403599	1.1870866433571445	0.003051636615313996
日	3	0.002570694087403599	1.1804560644581312	0.0030345914253422394
文化	2	0.001713796058269066	1.7695510786217261	0.0030326496634476884
ほか	2	0.001713796058269066	1.7212463990471711	0.0029498652939968658
項目	3	0.002570694087403599	1.1426675035687315	0.002937448595292369
関連	3	0.002570694087403599	1.1191864077192086	0.002877085881026243
参考	2	0.001713796058269066	1.6777807052660807	0.002875373959324903
際	2	0.001713796058269066	1.6777807052660807	0.002875373959324903
出身	2	0.001713796058269066	1.6575773191777938	0.0028407494758831086
三	2	0.001713796058269066	1.6020599913279625	0.0027456040982484363
脚注	2	0.001713796058269066	1.6020599913279625	0.0027456040982484363
歴史	2	0.001713796058269066	1.5686362358410126	0.0026883225978423524
国	2	0.001713796058269066	1.5528419686577808	0.0026612544450004814
性	2	0.001713796058269066	1.5228787452803376	0.0026099035908831838
市	2	0.001713796058269066	1.5228787452803376	0.0026099035908831838
時	2	0.001713796058269066	1.5086383061657274	0.002585498382460544
行き来	1	8.56898029134533E-4	3.0	0.0025706940874035992
京町	1	8.56898029134533E-4	3.0	0.0025706940874035992
見返り	1	8.56898029134533E-4	3.0	0.0025706940874035992
親不孝	1	8.56898029134533E-4	3.0	0.0025706940874035992
北池	1	8.56898029134533E-4	3.0	0.0025706940874035992
平行	1	8.56898029134533E-4	3.0	0.0025706940874035992
旧態	1	8.56898029134533E-4	3.0	0.0025706940874035992
都営	1	8.56898029134533E-4	3.0	0.0025706940874035992
モーテル	1	8.56898029134533E-4	3.0	0.0025706940874035992
和歌	1	8.56898029134533E-4	3.0	0.0025706940874035992
帰り	1	8.56898029134533E-4	3.0	0.0025706940874035992
顔	1	8.56898029134533E-4	3.0	0.0025706940874035992
別称	1	8.56898029134533E-4	3.0	0.0025706940874035992
小店	1	8.56898029134533E-4	3.0	0.0025706940874035992
千住	1	8.56898029134533E-4	3.0	0.0025706940874035992
ほおずき	1	8.56898029134533E-4	3.0	0.0025706940874035992
籬	1	8.56898029134533E-4	3.0	0.0025706940874035992
札差	1	8.56898029134533E-4	3.0	0.0025706940874035992
貸座敷	1	8.56898029134533E-4	3.0	0.0025706940874035992
七不思議	1	8.56898029134533E-4	3.0	0.0025706940874035992
鶯谷	1	8.56898029134533E-4	3.0	0.0025706940874035992
新造	1	8.56898029134533E-4	3.0	0.0025706940874035992
徳川	1	8.56898029134533E-4	3.0	0.0025706940874035992
梅	1	8.56898029134533E-4	3.0	0.0025706940874035992
袋	1	8.56898029134533E-4	3.0	0.0025706940874035992
日比谷線	1	8.56898029134533E-4	3.0	0.0025706940874035992
歓楽街	1	8.56898029134533E-4	3.0	0.0025706940874035992
指令	1	8.56898029134533E-4	3.0	0.0025706940874035992
取締	1	8.56898029134533E-4	3.0	0.0025706940874035992
朝顔	1	8.56898029134533E-4	3.0	0.0025706940874035992
異聞	1	8.56898029134533E-4	3.0	0.0025706940874035992
低湿	1	8.56898029134533E-4	3.0	0.0025706940874035992
歳三	1	8.56898029134533E-4	3.0	0.0025706940874035992
命日	1	8.56898029134533E-4	3.0	0.0025706940874035992
客層	1	8.56898029134533E-4	3.0	0.0025706940874035992
黄表紙	1	8.56898029134533E-4	3.0	0.0025706940874035992
巨万	1	8.56898029134533E-4	3.0	0.0025706940874035992
社交	1	8.56898029134533E-4	3.0	0.0025706940874035992
左手	1	8.56898029134533E-4	3.0	0.0025706940874035992
豪遊	1	8.56898029134533E-4	3.0	0.0025706940874035992
サクラ	1	8.56898029134533E-4	3.0	0.0025706940874035992
おいらん	1	8.56898029134533E-4	3.0	0.0025706940874035992
酔	1	8.56898029134533E-4	3.0	0.0025706940874035992
序列	1	8.56898029134533E-4	3.0	0.0025706940874035992
金津	1	8.56898029134533E-4	3.0	0.0025706940874035992
玉ノ井	1	8.56898029134533E-4	3.0	0.0025706940874035992
がき	1	8.56898029134533E-4	3.0	0.0025706940874035992
日立	1	8.56898029134533E-4	3.0	0.0025706940874035992
都電	1	8.56898029134533E-4	3.0	0.0025706940874035992
文左衛門	1	8.56898029134533E-4	3.0	0.0025706940874035992
売買春	1	8.56898029134533E-4	3.0	0.0025706940874035992
サロン	1	8.56898029134533E-4	3.0	0.0025706940874035992
困窮	1	8.56898029134533E-4	3.0	0.0025706940874035992
禿	1	8.56898029134533E-4	3.0	0.0025706940874035992
池袋本	1	8.56898029134533E-4	3.0	0.0025706940874035992
小史	1	8.56898029134533E-4	3.0	0.0025706940874035992
都区	1	8.56898029134533E-4	3.0	0.0025706940874035992
堀之内	1	8.56898029134533E-4	3.0	0.0025706940874035992
総	1	8.56898029134533E-4	3.0	0.0025706940874035992
鴎外	1	8.56898029134533E-4	3.0	0.0025706940874035992
わら	1	8.56898029134533E-4	3.0	0.0025706940874035992
地震	1	8.56898029134533E-4	3.0	0.0025706940874035992
絵葉書	1	8.56898029134533E-4	3.0	0.0025706940874035992
後ろ髪	1	8.56898029134533E-4	3.0	0.0025706940874035992
間夫	1	8.56898029134533E-4	3.0	0.0025706940874035992
文字通り	1	8.56898029134533E-4	3.0	0.0025706940874035992
見世	1	8.56898029134533E-4	3.0	0.0025706940874035992
豊島	1	8.56898029134533E-4	3.0	0.0025706940874035992
庄司	1	8.56898029134533E-4	3.0	0.0025706940874035992
金貸し	1	8.56898029134533E-4	3.0	0.0025706940874035992
張店	1	8.56898029134533E-4	3.0	0.0025706940874035992
良助	1	8.56898029134533E-4	3.0	0.0025706940874035992
治安	1	8.56898029134533E-4	3.0	0.0025706940874035992
当地	1	8.56898029134533E-4	3.0	0.0025706940874035992
弁天	1	8.56898029134533E-4	3.0	0.0025706940874035992
全盛期	1	8.56898029134533E-4	3.0	0.0025706940874035992
公許	1	8.56898029134533E-4	3.0	0.0025706940874035992
細見	1	8.56898029134533E-4	3.0	0.0025706940874035992
格式	1	8.56898029134533E-4	3.0	0.0025706940874035992
亡き後	1	8.56898029134533E-4	3.0	0.0025706940874035992
劣悪	1	8.56898029134533E-4	3.0	0.0025706940874035992
剣豪	1	8.56898029134533E-4	3.0	0.0025706940874035992
登楼	1	8.56898029134533E-4	3.0	0.0025706940874035992
土方	1	8.56898029134533E-4	3.0	0.0025706940874035992
紀伊国屋	1	8.56898029134533E-4	3.0	0.0025706940874035992
洒落本	1	8.56898029134533E-4	3.0	0.0025706940874035992
後ろ	1	8.56898029134533E-4	3.0	0.0025706940874035992
日雇い	1	8.56898029134533E-4	3.0	0.0025706940874035992
投	1	8.56898029134533E-4	3.0	0.0025706940874035992
市街	1	8.56898029134533E-4	3.0	0.0025706940874035992
板橋	1	8.56898029134533E-4	3.0	0.0025706940874035992
出入	1	8.56898029134533E-4	3.0	0.0025706940874035992
不死鳥	1	8.56898029134533E-4	3.0	0.0025706940874035992
街頭	1	8.56898029134533E-4	3.0	0.0025706940874035992
防犯	1	8.56898029134533E-4	3.0	0.0025706940874035992
野暮	1	8.56898029134533E-4	3.0	0.0025706940874035992
寛永寺	1	8.56898029134533E-4	3.0	0.0025706940874035992
田んぼ	1	8.56898029134533E-4	3.0	0.0025706940874035992
売女	1	8.56898029134533E-4	3.0	0.0025706940874035992
北国	1	8.56898029134533E-4	3.0	0.0025706940874035992
転業	1	8.56898029134533E-4	3.0	0.0025706940874035992
黛	1	8.56898029134533E-4	3.0	0.0025706940874035992
娼妓	1	8.56898029134533E-4	3.0	0.0025706940874035992
安政	1	8.56898029134533E-4	3.0	0.0025706940874035992
小間物	1	8.56898029134533E-4	3.0	0.0025706940874035992
石碑	1	8.56898029134533E-4	3.0	0.0025706940874035992
外界	1	8.56898029134533E-4	3.0	0.0025706940874035992
真源寺	1	8.56898029134533E-4	3.0	0.0025706940874035992
如く	1	8.56898029134533E-4	3.0	0.0025706940874035992
身寄り	1	8.56898029134533E-4	3.0	0.0025706940874035992
塗り	1	8.56898029134533E-4	3.0	0.0025706940874035992
下宿	1	8.56898029134533E-4	3.0	0.0025706940874035992
笠	1	8.56898029134533E-4	3.0	0.0025706940874035992
増員	1	8.56898029134533E-4	3.0	0.0025706940874035992
路地	1	8.56898029134533E-4	3.0	0.0025706940874035992
性的	1	8.56898029134533E-4	3.0	0.0025706940874035992
炎上	1	8.56898029134533E-4	3.0	0.0025706940874035992
苦界	1	8.56898029134533E-4	3.0	0.0025706940874035992
一流	1	8.56898029134533E-4	3.0	0.0025706940874035992
直近	1	8.56898029134533E-4	3.0	0.0025706940874035992
売上	1	8.56898029134533E-4	3.0	0.0025706940874035992
身なり	1	8.56898029134533E-4	3.0	0.0025706940874035992
詩碑	1	8.56898029134533E-4	3.0	0.0025706940874035992
釣瓶	1	8.56898029134533E-4	3.0	0.0025706940874035992
マッサージ	1	8.56898029134533E-4	3.0	0.0025706940874035992
大ぶり	1	8.56898029134533E-4	3.0	0.0025706940874035992
前借	1	8.56898029134533E-4	3.0	0.0025706940874035992
入谷	1	8.56898029134533E-4	3.0	0.0025706940874035992
七夕	1	8.56898029134533E-4	3.0	0.0025706940874035992
大御所	1	8.56898029134533E-4	3.0	0.0025706940874035992
宅	1	8.56898029134533E-4	3.0	0.0025706940874035992
楼門	1	8.56898029134533E-4	3.0	0.0025706940874035992
枕	1	8.56898029134533E-4	3.0	0.0025706940874035992
秘話	1	8.56898029134533E-4	3.0	0.0025706940874035992
荒川線	1	8.56898029134533E-4	3.0	0.0025706940874035992
客引き	1	8.56898029134533E-4	3.0	0.0025706940874035992
撤去	1	8.56898029134533E-4	3.0	0.0025706940874035992
美女	1	8.56898029134533E-4	3.0	0.0025706940874035992
外出	1	8.56898029134533E-4	3.0	0.0025706940874035992
込	1	8.56898029134533E-4	3.0	0.0025706940874035992
忌	1	8.56898029134533E-4	3.0	0.0025706940874035992
お歯黒	1	8.56898029134533E-4	3.0	0.0025706940874035992
たけ	1	8.56898029134533E-4	3.0	0.0025706940874035992
最盛	1	8.56898029134533E-4	3.0	0.0025706940874035992
大通	1	8.56898029134533E-4	3.0	0.0025706940874035992
アーチ	1	8.56898029134533E-4	3.0	0.0025706940874035992
田圃	1	8.56898029134533E-4	3.0	0.0025706940874035992
飯盛	1	8.56898029134533E-4	3.0	0.0025706940874035992
助六	1	8.56898029134533E-4	3.0	0.0025706940874035992
たび	1	8.56898029134533E-4	3.0	0.0025706940874035992
城下	1	8.56898029134533E-4	3.0	0.0025706940874035992
二	2	0.001713796058269066	1.4814860601221125	0.002538964970217845
使用	2	0.001713796058269066	1.4685210829577449	0.0025167456434580034
新宿	1	8.56898029134533E-4	2.6989700043360187	0.0023127420774087565
旅館	1	8.56898029134533E-4	2.6989700043360187	0.0023127420774087565
午前	1	8.56898029134533E-4	2.6989700043360187	0.0023127420774087565
堤	1	8.56898029134533E-4	2.6989700043360187	0.0023127420774087565
都内	1	8.56898029134533E-4	2.6989700043360187	0.0023127420774087565
塔	1	8.56898029134533E-4	2.6989700043360187	0.0023127420774087565
もん	1	8.56898029134533E-4	2.6989700043360187	0.0023127420774087565
フェイス	1	8.56898029134533E-4	2.6989700043360187	0.0023127420774087565
異名	1	8.56898029134533E-4	2.6989700043360187	0.0023127420774087565
題材	1	8.56898029134533E-4	2.6989700043360187	0.0023127420774087565
いち	1	8.56898029134533E-4	2.6989700043360187	0.0023127420774087565
中公新書	1	8.56898029134533E-4	2.6989700043360187	0.0023127420774087565
全焼	1	8.56898029134533E-4	2.6989700043360187	0.0023127420774087565
近隣	1	8.56898029134533E-4	2.6989700043360187	0.0023127420774087565
歌舞伎町	1	8.56898029134533E-4	2.6989700043360187	0.0023127420774087565
品川	1	8.56898029134533E-4	2.6989700043360187	0.0023127420774087565
永井	1	8.56898029134533E-4	2.6989700043360187	0.0023127420774087565
喧嘩	1	8.56898029134533E-4	2.6989700043360187	0.0023127420774087565
隔絶	1	8.56898029134533E-4	2.6989700043360187	0.0023127420774087565
日本一	1	8.56898029134533E-4	2.6989700043360187	0.0023127420774087565
跡地	1	8.56898029134533E-4	2.6989700043360187	0.0023127420774087565
東海道	1	8.56898029134533E-4	2.6989700043360187	0.0023127420774087565
衰退	1	8.56898029134533E-4	2.6989700043360187	0.0023127420774087565
さくら	1	8.56898029134533E-4	2.6989700043360187	0.0023127420774087565
地下鉄	1	8.56898029134533E-4	2.6989700043360187	0.0023127420774087565
浮世絵	1	8.56898029134533E-4	2.6989700043360187	0.0023127420774087565
健全	1	8.56898029134533E-4	2.6989700043360187	0.0023127420774087565
隠居	1	8.56898029134533E-4	2.6989700043360187	0.0023127420774087565
語り	1	8.56898029134533E-4	2.6989700043360187	0.0023127420774087565
指名	1	8.56898029134533E-4	2.6989700043360187	0.0023127420774087565
木造	1	8.56898029134533E-4	2.6989700043360187	0.0023127420774087565
上人	1	8.56898029134533E-4	2.6989700043360187	0.0023127420774087565
公布	1	8.56898029134533E-4	2.6989700043360187	0.0023127420774087565
処置	1	8.56898029134533E-4	2.6989700043360187	0.0023127420774087565
店舗	1	8.56898029134533E-4	2.6989700043360187	0.0023127420774087565
玄関	1	8.56898029134533E-4	2.6989700043360187	0.0023127420774087565
溝	1	8.56898029134533E-4	2.6989700043360187	0.0023127420774087565
改装	1	8.56898029134533E-4	2.6989700043360187	0.0023127420774087565
御所	1	8.56898029134533E-4	2.6989700043360187	0.0023127420774087565
川崎	1	8.56898029134533E-4	2.6989700043360187	0.0023127420774087565
教養	1	8.56898029134533E-4	2.6989700043360187	0.0023127420774087565
逃亡	1	8.56898029134533E-4	2.6989700043360187	0.0023127420774087565
謎	1	8.56898029134533E-4	2.6989700043360187	0.0023127420774087565
組合	1	8.56898029134533E-4	2.6989700043360187	0.0023127420774087565
提示	1	8.56898029134533E-4	2.6989700043360187	0.0023127420774087565
ご存じ	1	8.56898029134533E-4	2.6989700043360187	0.0023127420774087565
語源	1	8.56898029134533E-4	2.6989700043360187	0.0023127420774087565
商い	1	8.56898029134533E-4	2.6989700043360187	0.0023127420774087565
茶屋	1	8.56898029134533E-4	2.6989700043360187	0.0023127420774087565
思い	1	8.56898029134533E-4	2.6989700043360187	0.0023127420774087565
区域	1	8.56898029134533E-4	2.6989700043360187	0.0023127420774087565
インター	1	8.56898029134533E-4	2.6989700043360187	0.0023127420774087565
もの	2	0.001713796058269066	1.3279021420642825	0.002275753456836817
外部	2	0.001713796058269066	1.3098039199714864	0.002244736795152505
リンク	2	0.001713796058269066	1.2839966563652008	0.0022005084085093417
正式	1	8.56898029134533E-4	2.5228787452803374	0.002161849824576125
吉	1	8.56898029134533E-4	2.5228787452803374	0.002161849824576125
彩色	1	8.56898029134533E-4	2.5228787452803374	0.002161849824576125
北側	1	8.56898029134533E-4	2.5228787452803374	0.002161849824576125
火	1	8.56898029134533E-4	2.5228787452803374	0.002161849824576125
江戸城	1	8.56898029134533E-4	2.5228787452803374	0.002161849824576125
疑い	1	8.56898029134533E-4	2.5228787452803374	0.002161849824576125
免責	1	8.56898029134533E-4	2.5228787452803374	0.002161849824576125
措置	1	8.56898029134533E-4	2.5228787452803374	0.002161849824576125
実情	1	8.56898029134533E-4	2.5228787452803374	0.002161849824576125
コミック	1	8.56898029134533E-4	2.5228787452803374	0.002161849824576125
流	1	8.56898029134533E-4	2.5228787452803374	0.002161849824576125
側面	1	8.56898029134533E-4	2.5228787452803374	0.002161849824576125
馴染み	1	8.56898029134533E-4	2.5228787452803374	0.002161849824576125
郊外	1	8.56898029134533E-4	2.5228787452803374	0.002161849824576125
新規	1	8.56898029134533E-4	2.5228787452803374	0.002161849824576125
縁	1	8.56898029134533E-4	2.5228787452803374	0.002161849824576125
空襲	1	8.56898029134533E-4	2.5228787452803374	0.002161849824576125
循環	1	8.56898029134533E-4	2.5228787452803374	0.002161849824576125
割	1	8.56898029134533E-4	2.5228787452803374	0.002161849824576125
同然	1	8.56898029134533E-4	2.5228787452803374	0.002161849824576125
復元	1	8.56898029134533E-4	2.5228787452803374	0.002161849824576125
芸	1	8.56898029134533E-4	2.5228787452803374	0.002161849824576125
黒	1	8.56898029134533E-4	2.5228787452803374	0.002161849824576125
住居	1	8.56898029134533E-4	2.5228787452803374	0.002161849824576125
令	1	8.56898029134533E-4	2.5228787452803374	0.002161849824576125
再建	1	8.56898029134533E-4	2.5228787452803374	0.002161849824576125
広大	1	8.56898029134533E-4	2.5228787452803374	0.002161849824576125
園	1	8.56898029134533E-4	2.5228787452803374	0.002161849824576125
建立	1	8.56898029134533E-4	2.5228787452803374	0.002161849824576125
しん	1	8.56898029134533E-4	2.5228787452803374	0.002161849824576125
将軍	1	8.56898029134533E-4	2.5228787452803374	0.002161849824576125
慰霊	1	8.56898029134533E-4	2.5228787452803374	0.002161849824576125
富	1	8.56898029134533E-4	2.5228787452803374	0.002161849824576125
茶道	1	8.56898029134533E-4	2.5228787452803374	0.002161849824576125
人	2	0.001713796058269066	1.2596373105057561	0.0021587614575934123
民主	1	8.56898029134533E-4	2.3979400086720375	0.0020547900674139138
代目	1	8.56898029134533E-4	2.3979400086720375	0.0020547900674139138
お願い	1	8.56898029134533E-4	2.3979400086720375	0.0020547900674139138
労働	1	8.56898029134533E-4	2.3979400086720375	0.0020547900674139138
発信	1	8.56898029134533E-4	2.3979400086720375	0.0020547900674139138
石井	1	8.56898029134533E-4	2.3979400086720375	0.0020547900674139138
木材	1	8.56898029134533E-4	2.3979400086720375	0.0020547900674139138
ベース	1	8.56898029134533E-4	2.3979400086720375	0.0020547900674139138
考慮	1	8.56898029134533E-4	2.3979400086720375	0.0020547900674139138
明記	1	8.56898029134533E-4	2.3979400086720375	0.0020547900674139138
役割	1	8.56898029134533E-4	2.3979400086720375	0.0020547900674139138
経済	1	8.56898029134533E-4	2.3979400086720375	0.0020547900674139138
飲食	1	8.56898029134533E-4	2.3979400086720375	0.0020547900674139138
鉄	1	8.56898029134533E-4	2.3979400086720375	0.0020547900674139138
幅	1	8.56898029134533E-4	2.3979400086720375	0.0020547900674139138
武蔵	1	8.56898029134533E-4	2.3979400086720375	0.0020547900674139138
暦	1	8.56898029134533E-4	2.3979400086720375	0.0020547900674139138
定着	1	8.56898029134533E-4	2.3979400086720375	0.0020547900674139138
霊	1	8.56898029134533E-4	2.3979400086720375	0.0020547900674139138
伝説	1	8.56898029134533E-4	2.3979400086720375	0.0020547900674139138
トルコ	1	8.56898029134533E-4	2.3979400086720375	0.0020547900674139138
出入口	1	8.56898029134533E-4	2.3979400086720375	0.0020547900674139138
一緒	1	8.56898029134533E-4	2.3979400086720375	0.0020547900674139138
犠牲	1	8.56898029134533E-4	2.3979400086720375	0.0020547900674139138
人形	1	8.56898029134533E-4	2.3979400086720375	0.0020547900674139138
由来	1	8.56898029134533E-4	2.3010299956639813	0.0019717480682639086
池	1	8.56898029134533E-4	2.3010299956639813	0.0019717480682639086
表現	1	8.56898029134533E-4	2.3010299956639813	0.0019717480682639086
東日本	1	8.56898029134533E-4	2.3010299956639813	0.0019717480682639086
泉	1	8.56898029134533E-4	2.3010299956639813	0.0019717480682639086
鳥	1	8.56898029134533E-4	2.3010299956639813	0.0019717480682639086
女	1	8.56898029134533E-4	2.3010299956639813	0.0019717480682639086
けい	1	8.56898029134533E-4	2.3010299956639813	0.0019717480682639086
橋	1	8.56898029134533E-4	2.3010299956639813	0.0019717480682639086
意見	1	8.56898029134533E-4	2.3010299956639813	0.0019717480682639086
機能	1	8.56898029134533E-4	2.3010299956639813	0.0019717480682639086
源	1	8.56898029134533E-4	2.3010299956639813	0.0019717480682639086
身	1	8.56898029134533E-4	2.3010299956639813	0.0019717480682639086
制限	1	8.56898029134533E-4	2.3010299956639813	0.0019717480682639086
前後	1	8.56898029134533E-4	2.3010299956639813	0.0019717480682639086
バス停	1	8.56898029134533E-4	2.3010299956639813	0.0019717480682639086
条	1	8.56898029134533E-4	2.3010299956639813	0.0019717480682639086
岐阜	1	8.56898029134533E-4	2.3010299956639813	0.0019717480682639086
箇所	1	8.56898029134533E-4	2.3010299956639813	0.0019717480682639086
解放	1	8.56898029134533E-4	2.3010299956639813	0.0019717480682639086
大名	1	8.56898029134533E-4	2.3010299956639813	0.0019717480682639086
表示	2	0.001713796058269066	1.1426675035687315	0.001958299063528246
産業	1	8.56898029134533E-4	2.221848749616356	0.001903897814581282
八	1	8.56898029134533E-4	2.221848749616356	0.001903897814581282
門	1	8.56898029134533E-4	2.221848749616356	0.001903897814581282
主催	1	8.56898029134533E-4	2.221848749616356	0.001903897814581282
実施	1	8.56898029134533E-4	2.221848749616356	0.001903897814581282
いずれ	1	8.56898029134533E-4	2.221848749616356	0.001903897814581282
明	1	8.56898029134533E-4	2.221848749616356	0.001903897814581282
船	1	8.56898029134533E-4	2.221848749616356	0.001903897814581282
イメージ	1	8.56898029134533E-4	2.221848749616356	0.001903897814581282
統計	1	8.56898029134533E-4	2.221848749616356	0.001903897814581282
地理	1	8.56898029134533E-4	2.221848749616356	0.001903897814581282
木	1	8.56898029134533E-4	2.221848749616356	0.001903897814581282
字	1	8.56898029134533E-4	2.221848749616356	0.001903897814581282
沿い	1	8.56898029134533E-4	2.221848749616356	0.001903897814581282
そこ	1	8.56898029134533E-4	2.221848749616356	0.001903897814581282
機会	1	8.56898029134533E-4	2.154901959985743	0.0018465312424899257
減少	1	8.56898029134533E-4	2.154901959985743	0.0018465312424899257
比較	1	8.56898029134533E-4	2.154901959985743	0.0018465312424899257
資料	1	8.56898029134533E-4	2.154901959985743	0.0018465312424899257
システム	1	8.56898029134533E-4	2.154901959985743	0.0018465312424899257
七	1	8.56898029134533E-4	2.154901959985743	0.0018465312424899257
団	1	8.56898029134533E-4	2.154901959985743	0.0018465312424899257
面積	1	8.56898029134533E-4	2.154901959985743	0.0018465312424899257
神社	1	8.56898029134533E-4	2.154901959985743	0.0018465312424899257
城	1	8.56898029134533E-4	2.154901959985743	0.0018465312424899257
以前	1	8.56898029134533E-4	2.0969100130080562	0.0017968380574190715
移転	1	8.56898029134533E-4	2.0969100130080562	0.0017968380574190715
毎年	1	8.56898029134533E-4	2.0969100130080562	0.0017968380574190715
自由	1	8.56898029134533E-4	2.0969100130080562	0.0017968380574190715
大戦	1	8.56898029134533E-4	2.0969100130080562	0.0017968380574190715
経営	1	8.56898029134533E-4	2.0969100130080562	0.0017968380574190715
近く	1	8.56898029134533E-4	2.0969100130080562	0.0017968380574190715
状	1	8.56898029134533E-4	2.0969100130080562	0.0017968380574190715
事項	1	8.56898029134533E-4	2.0969100130080562	0.0017968380574190715
もと	1	8.56898029134533E-4	2.045757490560675	0.0017530055617486504
場所	1	8.56898029134533E-4	2.045757490560675	0.0017530055617486504
記述	1	8.56898029134533E-4	2.045757490560675	0.0017530055617486504
森	1	8.56898029134533E-4	2.045757490560675	0.0017530055617486504
詳細	1	8.56898029134533E-4	2.045757490560675	0.0017530055617486504
近代	1	8.56898029134533E-4	2.045757490560675	0.0017530055617486504
状態	1	8.56898029134533E-4	2.045757490560675	0.0017530055617486504
程度	1	8.56898029134533E-4	2.045757490560675	0.0017530055617486504
形態	1	8.56898029134533E-4	2.045757490560675	0.0017530055617486504
有名	1	8.56898029134533E-4	2.045757490560675	0.0017530055617486504
事実	1	8.56898029134533E-4	2.045757490560675	0.0017530055617486504
カテゴリ	2	0.001713796058269066	1.00436480540245	0.0017212764445628966
自動車	1	8.56898029134533E-4	2.0	0.001713796058269066
周辺	1	8.56898029134533E-4	1.958607314841775	0.001678326747936397
通称	1	8.56898029134533E-4	1.958607314841775	0.001678326747936397
男	1	8.56898029134533E-4	1.958607314841775	0.001678326747936397
ところ	1	8.56898029134533E-4	1.958607314841775	0.001678326747936397
手	1	8.56898029134533E-4	1.958607314841775	0.001678326747936397
方面	1	8.56898029134533E-4	1.9208187539523753	0.00164594580458644
規模	1	8.56898029134533E-4	1.9208187539523753	0.00164594580458644
五	1	8.56898029134533E-4	1.9208187539523753	0.00164594580458644
花	1	8.56898029134533E-4	1.9208187539523753	0.00164594580458644
大正	1	8.56898029134533E-4	1.9208187539523753	0.00164594580458644
道	1	8.56898029134533E-4	1.8860566476931633	0.0016161582242443559
側	1	8.56898029134533E-4	1.8860566476931633	0.0016161582242443559
誕生	1	8.56898029134533E-4	1.8860566476931633	0.0016161582242443559
金	1	8.56898029134533E-4	1.8860566476931633	0.0016161582242443559
発生	1	8.56898029134533E-4	1.8860566476931633	0.0016161582242443559
全国	1	8.56898029134533E-4	1.8860566476931633	0.0016161582242443559
高等	1	8.56898029134533E-4	1.8860566476931633	0.0016161582242443559
目的	1	8.56898029134533E-4	1.853871964321762	0.0015885792324950832
多数	1	8.56898029134533E-4	1.853871964321762	0.0015885792324950832
ら	1	8.56898029134533E-4	1.8239087409443187	0.0015629038054364342
名前	1	8.56898029134533E-4	1.8239087409443187	0.0015629038054364342
登場	1	8.56898029134533E-4	1.7958800173440752	0.001538886047424229
館	1	8.56898029134533E-4	1.7958800173440752	0.001538886047424229
歳	1	8.56898029134533E-4	1.7958800173440752	0.001538886047424229
中心	1	8.56898029134533E-4	1.7695510786217261	0.0015163248317238442
型	1	8.56898029134533E-4	1.744727494896694	0.001495053551753808
活動	1	8.56898029134533E-4	1.7212463990471711	0.0014749326469984329
場	1	8.56898029134533E-4	1.6989700043360187	0.0014558440482742236
次	1	8.56898029134533E-4	1.6575773191777938	0.0014203747379415543
情報	1	8.56898029134533E-4	1.638272163982407	0.001403832188502491
作品	1	8.56898029134533E-4	1.638272163982407	0.001403832188502491
他	1	8.56898029134533E-4	1.638272163982407	0.001403832188502491
部	1	8.56898029134533E-4	1.619788758288394	0.0013879937945915975
内	1	8.56898029134533E-4	1.619788758288394	0.0013879937945915975
主	1	8.56898029134533E-4	1.6020599913279625	0.0013728020491242182
数	1	8.56898029134533E-4	1.585026652029182	0.0013582062142495134
時間	1	8.56898029134533E-4	1.585026652029182	0.0013582062142495134
世界	1	8.56898029134533E-4	1.5686362358410126	0.0013441612989211762
存在	1	8.56898029134533E-4	1.5686362358410126	0.0013441612989211762
その後	1	8.56898029134533E-4	1.537602002101044	0.0013175681251936966
上	1	8.56898029134533E-4	1.5228787452803376	0.0013049517954415919
協力	1	8.56898029134533E-4	1.4436974992327127	0.0012371015417589656
中	1	8.56898029134533E-4	1.3665315444204136	0.001170978187164022
後	1	8.56898029134533E-4	1.2596373105057561	0.0010793807287967062
目次	1	8.56898029134533E-4	1.1426675035687315	9.79149531764123E-4
作成	1	8.56898029134533E-4	1.00436480540245	8.606382222814483E-4
移動	1	8.56898029134533E-4	1.0	8.56898029134533E-4
事典	1	8.56898029134533E-4	1.0	8.56898029134533E-4
フリー	1	8.56898029134533E-4	1.0	8.56898029134533E-4
百科	1	8.56898029134533E-4	1.0	8.56898029134533E-4
検索	1	8.56898029134533E-4	1.0	8.56898029134533E-4
