#語	出現回数	TF	IDF	TF-IDF	
流	19	0.040169133192389	2.5228787452803374	0.10134185234741312
音楽	23	0.048625792811839326	1.9208187539523753	0.09340133475878358
琉球	13	0.02748414376321353	3.0	0.08245243128964058
古典	12	0.02536997885835095	2.3979400086720375	0.060835687323603484
冨	9	0.019027484143763214	3.0	0.05708245243128964
野村	9	0.019027484143763214	2.5228787452803374	0.04800403532245885
祖	9	0.019027484143763214	2.5228787452803374	0.04800403532245885
節	10	0.021141649048625793	2.045757490560675	0.04325068690403118
工	8	0.016913319238900635	2.5228787452803374	0.042670253619963426
湛	7	0.014799154334038054	2.6989700043360187	0.039942473637108095
設立	8	0.016913319238900635	2.0	0.03382663847780127
沖縄	7	0.014799154334038054	2.221848749616356	0.03288148255246193
水流	5	0.010570824524312896	3.0	0.03171247357293869
年	12	0.02536997885835095	1.0409586076789064	0.026409097869232297
流派	4	0.008456659619450317	3.0	0.025369978858350954
曲	6	0.012684989429175475	1.9208187539523753	0.02436556558924789
文化財	5	0.010570824524312896	2.3010299956639813	0.024323784309344412
無形	4	0.008456659619450317	2.6989700043360187	0.022824270649776057
編集	10	0.021141649048625793	1.0177287669604316	0.02151646441776811
会	6	0.012684989429175475	1.619788758288394	0.020547003276385548
認定	4	0.008456659619450317	2.3979400086720375	0.020278562441201162
安	4	0.008456659619450317	2.3979400086720375	0.020278562441201162
作田	3	0.006342494714587738	3.0	0.019027484143763214
喜名	3	0.006342494714587738	3.0	0.019027484143763214
楽曲	4	0.008456659619450317	2.221848749616356	0.01878941860140682
朝	4	0.008456659619450317	2.154901959985743	0.018223272388885776
指定	4	0.008456659619450317	2.0969100130080562	0.017732854232626268
よう	6	0.012684989429175475	1.3767507096020997	0.01746406819791247
四	4	0.008456659619450317	2.045757490560675	0.017300274761612472
国宝	3	0.006342494714587738	2.6989700043360187	0.01711820298733204
楽譜	3	0.006342494714587738	2.6989700043360187	0.01711820298733204
特徴	4	0.008456659619450317	2.0	0.016913319238900635
照	3	0.006342494714587738	2.3979400086720375	0.015208921830900871
県	5	0.010570824524312896	1.431798275933005	0.015135288329101533
伝統	3	0.006342494714587738	2.3010299956639813	0.014594270585606646
保存	3	0.006342494714587738	2.154901959985743	0.013667454291664332
主	4	0.008456659619450317	1.6020599913279625	0.013548076036600106
人間	3	0.006342494714587738	2.0969100130080562	0.0132996406744697
弟子	2	0.004228329809725159	3.0	0.012684989429175477
深山	2	0.004228329809725159	3.0	0.012684989429175477
知念	2	0.004228329809725159	3.0	0.012684989429175477
作法	2	0.004228329809725159	3.0	0.012684989429175477
幽谷	2	0.004228329809725159	3.0	0.012684989429175477
親方	2	0.004228329809725159	3.0	0.012684989429175477
協会	3	0.006342494714587738	2.0	0.012684989429175475
線	3	0.006342494714587738	1.6989700043360187	0.010775708272744305
来歴	2	0.004228329809725159	2.5228787452803374	0.010667563404990857
昭和	3	0.006342494714587738	1.6777807052660807	0.010641315255387404
三	3	0.006342494714587738	1.6020599913279625	0.01016105702745008
声	2	0.004228329809725159	2.221848749616356	0.00939470930070341
歌	2	0.004228329809725159	2.154901959985743	0.009111636194442888
世	2	0.004228329809725159	2.0969100130080562	0.008866427116313134
水	2	0.004228329809725159	1.8239087409443187	0.007712087699553145
者	3	0.006342494714587738	1.1870866433571445	0.007529090761250388
日	3	0.006342494714587738	1.1804560644581312	0.007487036349628739
項目	3	0.006342494714587738	1.1426675035687315	0.007247362601915845
文献	2	0.004228329809725159	1.6989700043360187	0.00718380551516287
月	3	0.006342494714587738	1.1307682802690238	0.007171891841029749
関連	3	0.006342494714587738	1.1191864077192086	0.007098433875597518
参考	2	0.004228329809725159	1.6777807052660807	0.007094210170258269
概要	2	0.004228329809725159	1.638272163982407	0.006927155027409755
封	1	0.0021141649048625794	3.0	0.0063424947145877385
諸鈍	1	0.0021141649048625794	3.0	0.0063424947145877385
新里	1	0.0021141649048625794	3.0	0.0063424947145877385
模	1	0.0021141649048625794	3.0	0.0063424947145877385
当流	1	0.0021141649048625794	3.0	0.0063424947145877385
遇	1	0.0021141649048625794	3.0	0.0063424947145877385
士族	1	0.0021141649048625794	3.0	0.0063424947145877385
師匠	1	0.0021141649048625794	3.0	0.0063424947145877385
瑞	1	0.0021141649048625794	3.0	0.0063424947145877385
島袋	1	0.0021141649048625794	3.0	0.0063424947145877385
ぢ	1	0.0021141649048625794	3.0	0.0063424947145877385
暁	1	0.0021141649048625794	3.0	0.0063424947145877385
読み方	1	0.0021141649048625794	3.0	0.0063424947145877385
朝一	1	0.0021141649048625794	3.0	0.0063424947145877385
考え	1	0.0021141649048625794	3.0	0.0063424947145877385
誘い	1	0.0021141649048625794	3.0	0.0063424947145877385
保持	1	0.0021141649048625794	3.0	0.0063424947145877385
発刊	1	0.0021141649048625794	3.0	0.0063424947145877385
口承	1	0.0021141649048625794	3.0	0.0063424947145877385
宮廷	1	0.0021141649048625794	3.0	0.0063424947145877385
伊差川	1	0.0021141649048625794	3.0	0.0063424947145877385
屋嘉	1	0.0021141649048625794	3.0	0.0063424947145877385
仕草	1	0.0021141649048625794	3.0	0.0063424947145877385
節回し	1	0.0021141649048625794	3.0	0.0063424947145877385
御座	1	0.0021141649048625794	3.0	0.0063424947145877385
安室	1	0.0021141649048625794	3.0	0.0063424947145877385
安富祖	1	0.0021141649048625794	3.0	0.0063424947145877385
おき	1	0.0021141649048625794	3.0	0.0063424947145877385
組踊	1	0.0021141649048625794	3.0	0.0063424947145877385
抑揚	1	0.0021141649048625794	3.0	0.0063424947145877385
歌唱	1	0.0021141649048625794	3.0	0.0063424947145877385
兄弟子	1	0.0021141649048625794	3.0	0.0063424947145877385
技巧	1	0.0021141649048625794	3.0	0.0063424947145877385
奏法	1	0.0021141649048625794	3.0	0.0063424947145877385
会派	1	0.0021141649048625794	3.0	0.0063424947145877385
統	1	0.0021141649048625794	3.0	0.0063424947145877385
楼	1	0.0021141649048625794	3.0	0.0063424947145877385
使	1	0.0021141649048625794	3.0	0.0063424947145877385
城間	1	0.0021141649048625794	3.0	0.0063424947145877385
首	1	0.0021141649048625794	3.0	0.0063424947145877385
趙	1	0.0021141649048625794	3.0	0.0063424947145877385
松村	1	0.0021141649048625794	3.0	0.0063424947145877385
接	1	0.0021141649048625794	3.0	0.0063424947145877385
悠久	1	0.0021141649048625794	3.0	0.0063424947145877385
幸地	1	0.0021141649048625794	3.0	0.0063424947145877385
対称	1	0.0021141649048625794	3.0	0.0063424947145877385
舞踊	1	0.0021141649048625794	3.0	0.0063424947145877385
正雄	1	0.0021141649048625794	3.0	0.0063424947145877385
国男	1	0.0021141649048625794	3.0	0.0063424947145877385
姓	1	0.0021141649048625794	3.0	0.0063424947145877385
揚	1	0.0021141649048625794	3.0	0.0063424947145877385
謡曲	1	0.0021141649048625794	3.0	0.0063424947145877385
欽定	1	0.0021141649048625794	3.0	0.0063424947145877385
平民	1	0.0021141649048625794	3.0	0.0063424947145877385
昔	1	0.0021141649048625794	2.6989700043360187	0.005706067662444014
曲目	1	0.0021141649048625794	2.6989700043360187	0.005706067662444014
考察	1	0.0021141649048625794	2.6989700043360187	0.005706067662444014
奨励	1	0.0021141649048625794	2.6989700043360187	0.005706067662444014
技法	1	0.0021141649048625794	2.6989700043360187	0.005706067662444014
実績	1	0.0021141649048625794	2.6989700043360187	0.005706067662444014
劇場	1	0.0021141649048625794	2.6989700043360187	0.005706067662444014
教養	1	0.0021141649048625794	2.6989700043360187	0.005706067662444014
端	1	0.0021141649048625794	2.6989700043360187	0.005706067662444014
泰	1	0.0021141649048625794	2.6989700043360187	0.005706067662444014
王朝	1	0.0021141649048625794	2.6989700043360187	0.005706067662444014
持	1	0.0021141649048625794	2.6989700043360187	0.005706067662444014
簡素	1	0.0021141649048625794	2.6989700043360187	0.005706067662444014
晩年	1	0.0021141649048625794	2.6989700043360187	0.005706067662444014
礼	1	0.0021141649048625794	2.6989700043360187	0.005706067662444014
住	1	0.0021141649048625794	2.6989700043360187	0.005706067662444014
余	1	0.0021141649048625794	2.6989700043360187	0.005706067662444014
楽	1	0.0021141649048625794	2.6989700043360187	0.005706067662444014
始まり	1	0.0021141649048625794	2.6989700043360187	0.005706067662444014
冊	1	0.0021141649048625794	2.6989700043360187	0.005706067662444014
編纂	1	0.0021141649048625794	2.6989700043360187	0.005706067662444014
羽	1	0.0021141649048625794	2.6989700043360187	0.005706067662444014
秀	1	0.0021141649048625794	2.6989700043360187	0.005706067662444014
披露	1	0.0021141649048625794	2.6989700043360187	0.005706067662444014
現在	2	0.004228329809725159	1.3467874862246563	0.005694661675368526
もの	2	0.004228329809725159	1.3279021420642825	0.005614808211688299
外部	2	0.004228329809725159	1.3098039199714864	0.005538282959710302
的	2	0.004228329809725159	1.2924298239020637	0.005464819551382933
リンク	2	0.004228329809725159	1.2839966563652008	0.005429161337696409
総称	1	0.0021141649048625794	2.5228787452803374	0.005333781702495428
附	1	0.0021141649048625794	2.5228787452803374	0.005333781702495428
誰	1	0.0021141649048625794	2.5228787452803374	0.005333781702495428
賢	1	0.0021141649048625794	2.5228787452803374	0.005333781702495428
独特	1	0.0021141649048625794	2.5228787452803374	0.005333781702495428
伝承	1	0.0021141649048625794	2.5228787452803374	0.005333781702495428
複数	1	0.0021141649048625794	2.5228787452803374	0.005333781702495428
寄	1	0.0021141649048625794	2.5228787452803374	0.005333781702495428
忠	1	0.0021141649048625794	2.5228787452803374	0.005333781702495428
薩摩	1	0.0021141649048625794	2.5228787452803374	0.005333781702495428
創始	1	0.0021141649048625794	2.5228787452803374	0.005333781702495428
継承	1	0.0021141649048625794	2.3979400086720375	0.005069640610300291
歌詞	1	0.0021141649048625794	2.3979400086720375	0.005069640610300291
郎	1	0.0021141649048625794	2.3979400086720375	0.005069640610300291
幕府	1	0.0021141649048625794	2.3979400086720375	0.005069640610300291
王	1	0.0021141649048625794	2.3979400086720375	0.005069640610300291
大衆	1	0.0021141649048625794	2.3979400086720375	0.005069640610300291
演奏	1	0.0021141649048625794	2.3010299956639813	0.004864756861868882
創立	1	0.0021141649048625794	2.3010299956639813	0.004864756861868882
不明	1	0.0021141649048625794	2.3010299956639813	0.004864756861868882
里	1	0.0021141649048625794	2.3010299956639813	0.004864756861868882
記載	1	0.0021141649048625794	2.3010299956639813	0.004864756861868882
一種	1	0.0021141649048625794	2.221848749616356	0.004697354650351705
今日	1	0.0021141649048625794	2.221848749616356	0.004697354650351705
命	1	0.0021141649048625794	2.221848749616356	0.004697354650351705
今	1	0.0021141649048625794	2.221848749616356	0.004697354650351705
八	1	0.0021141649048625794	2.221848749616356	0.004697354650351705
藩	1	0.0021141649048625794	2.221848749616356	0.004697354650351705
独自	1	0.0021141649048625794	2.154901959985743	0.004555818097221444
周年	1	0.0021141649048625794	2.154901959985743	0.004555818097221444
比	1	0.0021141649048625794	2.154901959985743	0.004555818097221444
様	1	0.0021141649048625794	2.154901959985743	0.004555818097221444
政策	1	0.0021141649048625794	2.154901959985743	0.004555818097221444
方法	1	0.0021141649048625794	2.0969100130080562	0.004433213558156567
重要	1	0.0021141649048625794	2.0969100130080562	0.004433213558156567
国立	1	0.0021141649048625794	2.0969100130080562	0.004433213558156567
詳細	1	0.0021141649048625794	2.045757490560675	0.004325068690403118
高	1	0.0021141649048625794	2.0	0.004228329809725159
以後	1	0.0021141649048625794	2.0	0.004228329809725159
手	1	0.0021141649048625794	1.958607314841775	0.004140818847445614
記念	1	0.0021141649048625794	1.958607314841775	0.004140818847445614
元	1	0.0021141649048625794	1.958607314841775	0.004140818847445614
江戸	1	0.0021141649048625794	1.958607314841775	0.004140818847445614
完成	1	0.0021141649048625794	1.9208187539523753	0.004060927598207982
十	1	0.0021141649048625794	1.9208187539523753	0.004060927598207982
技術	1	0.0021141649048625794	1.9208187539523753	0.004060927598207982
形	1	0.0021141649048625794	1.8860566476931633	0.003987434773135652
種	1	0.0021141649048625794	1.853871964321762	0.0039193910450777214
以下	1	0.0021141649048625794	1.853871964321762	0.0039193910450777214
結果	1	0.0021141649048625794	1.7958800173440752	0.003796786506012844
文化	1	0.0021141649048625794	1.7695510786217261	0.003741122787783776
以降	1	0.0021141649048625794	1.744727494896694	0.0036886416382593953
一覧	1	0.0021141649048625794	1.6575773191777938	0.00350439179530189
出身	1	0.0021141649048625794	1.6575773191777938	0.00350439179530189
場合	1	0.0021141649048625794	1.5528419686577808	0.0032829639929339975
国	1	0.0021141649048625794	1.5528419686577808	0.0032829639929339975
化	1	0.0021141649048625794	1.537602002101044	0.003250744190488465
地	1	0.0021141649048625794	1.537602002101044	0.003250744190488465
上	1	0.0021141649048625794	1.5228787452803376	0.0032196167976328493
性	1	0.0021141649048625794	1.5228787452803376	0.0032196167976328493
加筆	1	0.0021141649048625794	1.5086383061657274	0.003189510161026908
訂正	1	0.0021141649048625794	1.5086383061657274	0.003189510161026908
協力	1	0.0021141649048625794	1.4436974992327127	0.0030522145861156718
時代	1	0.0021141649048625794	1.408935392973501	0.002978721761043342
一	1	0.0021141649048625794	1.3665315444204136	0.0028890730326012973
後	1	0.0021141649048625794	1.2596373105057561	0.002663080994726757
日本	1	0.0021141649048625794	1.1870866433571445	0.0025096969204167962
表示	1	0.0021141649048625794	1.1426675035687315	0.0024157875339719482
目次	1	0.0021141649048625794	1.1426675035687315	0.0024157875339719482
作成	1	0.0021141649048625794	1.00436480540245	0.002123392823260994
カテゴリ	1	0.0021141649048625794	1.00436480540245	0.002123392823260994
移動	1	0.0021141649048625794	1.0	0.0021141649048625794
事典	1	0.0021141649048625794	1.0	0.0021141649048625794
フリー	1	0.0021141649048625794	1.0	0.0021141649048625794
出典	1	0.0021141649048625794	1.0	0.0021141649048625794
百科	1	0.0021141649048625794	1.0	0.0021141649048625794
検索	1	0.0021141649048625794	1.0	0.0021141649048625794
