#語	出現回数	TF	IDF	TF-IDF	
乃木	21	0.052763819095477386	3.0	0.15829145728643215
神社	13	0.032663316582914576	2.154901959985743	0.07038624492415745
京都	9	0.022613065326633167	1.9208187539523753	0.043435599963747185
将軍	6	0.01507537688442211	2.5228787452803374	0.03803334791879905
府	6	0.01507537688442211	2.0969100130080562	0.031611708738814914
露	4	0.010050251256281407	2.6989700043360187	0.02712532667674391
現地	4	0.010050251256281407	2.5228787452803374	0.025355565279199372
創建	4	0.010050251256281407	2.5228787452803374	0.025355565279199372
希典	3	0.007537688442211055	3.0	0.022613065326633167
壽	3	0.007537688442211055	2.6989700043360187	0.02034399500755793
戦争	4	0.010050251256281407	1.958607314841775	0.019684495626550502
年	7	0.017587939698492462	1.0409586076789064	0.01830831722048328
藩	3	0.007537688442211055	2.221848749616356	0.016747603640324293
市	4	0.010050251256281407	1.5228787452803376	0.015305314022917967
陵	2	0.005025125628140704	3.0	0.01507537688442211
麓	2	0.005025125628140704	3.0	0.01507537688442211
京阪	2	0.005025125628140704	3.0	0.01507537688442211
吾妻	2	0.005025125628140704	3.0	0.01507537688442211
明治天皇	2	0.005025125628140704	3.0	0.01507537688442211
愛馬	2	0.005025125628140704	3.0	0.01507537688442211
日	5	0.01256281407035176	1.1804560644581312	0.014829850056006674
とき	3	0.007537688442211055	1.8239087409443187	0.013748055836263708
伏見	2	0.005025125628140704	2.6989700043360187	0.013562663338371955
社格	2	0.005025125628140704	2.6989700043360187	0.013562663338371955
もの	4	0.010050251256281407	1.3279021420642825	0.013345750171500326
社	3	0.007537688442211055	1.7212463990471711	0.012974219088295259
ロシア	2	0.005025125628140704	2.5228787452803374	0.012677782639599686
台湾	2	0.005025125628140704	2.3979400086720375	0.012049949792321797
建物	2	0.005025125628140704	2.3010299956639813	0.011562964802331564
号	3	0.007537688442211055	1.5228787452803376	0.011478985517188473
等	3	0.007537688442211055	1.5086383061657274	0.011371645523862266
心	2	0.005025125628140704	2.221848749616356	0.011165069093549529
秒	2	0.005025125628140704	2.154901959985743	0.010828653065254991
区	2	0.005025125628140704	2.0969100130080562	0.01053723624627164
会社	2	0.005025125628140704	2.0969100130080562	0.01053723624627164
アクセス	2	0.005025125628140704	2.045757490560675	0.01028018839477726
編集	4	0.010050251256281407	1.0177287669604316	0.010228429818697805
鉄道	2	0.005025125628140704	2.0	0.010050251256281407
はじめ	2	0.005025125628140704	1.958607314841775	0.009842247813275251
江戸	2	0.005025125628140704	1.958607314841775	0.009842247813275251
大阪	2	0.005025125628140704	1.958607314841775	0.009842247813275251
大正	2	0.005025125628140704	1.9208187539523753	0.009652355547499374
館	2	0.005025125628140704	1.7958800173440752	0.009024522700221483
軍	2	0.005025125628140704	1.7695510786217261	0.008892216475486062
長	2	0.005025125628140704	1.7695510786217261	0.008892216475486062
駅	2	0.005025125628140704	1.744727494896694	0.008767474848727105
施設	2	0.005025125628140704	1.7212463990471711	0.00864947939219684
度	2	0.005025125628140704	1.7212463990471711	0.00864947939219684
線	2	0.005025125628140704	1.6989700043360187	0.00853753771023125
月	3	0.007537688442211055	1.1307682802690238	0.008523378997002692
際	2	0.005025125628140704	1.6777807052660807	0.008431058820432566
分	2	0.005025125628140704	1.6575773191777938	0.008329534267225094
出身	2	0.005025125628140704	1.6575773191777938	0.008329534267225094
時	2	0.005025125628140704	1.5086383061657274	0.007581097015908178
桃山町板倉周防	1	0.002512562814070352	3.0	0.007537688442211055
浜寺	1	0.002512562814070352	3.0	0.007537688442211055
大塚	1	0.002512562814070352	3.0	0.007537688442211055
親交	1	0.002512562814070352	3.0	0.007537688442211055
大葬	1	0.002512562814070352	3.0	0.007537688442211055
桃山御陵前	1	0.002512562814070352	3.0	0.007537688442211055
康成	1	0.002512562814070352	3.0	0.007537688442211055
住まい	1	0.002512562814070352	3.0	0.007537688442211055
提言	1	0.002512562814070352	3.0	0.007537688442211055
終結	1	0.002512562814070352	3.0	0.007537688442211055
人となり	1	0.002512562814070352	3.0	0.007537688442211055
山人	1	0.002512562814070352	3.0	0.007537688442211055
宝物	1	0.002512562814070352	3.0	0.007537688442211055
景仰	1	0.002512562814070352	3.0	0.007537688442211055
周忌	1	0.002512562814070352	3.0	0.007537688442211055
徳富	1	0.002512562814070352	3.0	0.007537688442211055
村野	1	0.002512562814070352	3.0	0.007537688442211055
檜	1	0.002512562814070352	3.0	0.007537688442211055
参列	1	0.002512562814070352	3.0	0.007537688442211055
社頭	1	0.002512562814070352	3.0	0.007537688442211055
大瓶	1	0.002512562814070352	3.0	0.007537688442211055
取締役	1	0.002512562814070352	3.0	0.007537688442211055
梶	1	0.002512562814070352	3.0	0.007537688442211055
祐一	1	0.002512562814070352	3.0	0.007537688442211055
熱願	1	0.002512562814070352	3.0	0.007537688442211055
直筆	1	0.002512562814070352	3.0	0.007537688442211055
天皇陵	1	0.002512562814070352	3.0	0.007537688442211055
大木	1	0.002512562814070352	3.0	0.007537688442211055
由縁	1	0.002512562814070352	3.0	0.007537688442211055
佐太郎	1	0.002512562814070352	3.0	0.007537688442211055
静子	1	0.002512562814070352	3.0	0.007537688442211055
閉門	1	0.002512562814070352	3.0	0.007537688442211055
私財	1	0.002512562814070352	3.0	0.007537688442211055
蟄居	1	0.002512562814070352	3.0	0.007537688442211055
米搗き	1	0.002512562814070352	3.0	0.007537688442211055
殉死	1	0.002512562814070352	3.0	0.007537688442211055
移築	1	0.002512562814070352	3.0	0.007537688442211055
漣	1	0.002512562814070352	3.0	0.007537688442211055
錨	1	0.002512562814070352	3.0	0.007537688442211055
逸話	1	0.002512562814070352	3.0	0.007537688442211055
摂社	1	0.002512562814070352	3.0	0.007537688442211055
家主	1	0.002512562814070352	3.0	0.007537688442211055
感銘	1	0.002512562814070352	3.0	0.007537688442211055
漁船	1	0.002512562814070352	3.0	0.007537688442211055
護送	1	0.002512562814070352	3.0	0.007537688442211055
貞行	1	0.002512562814070352	3.0	0.007537688442211055
化石	1	0.002512562814070352	3.0	0.007537688442211055
捕虜	1	0.002512562814070352	3.0	0.007537688442211055
揮毫	1	0.002512562814070352	3.0	0.007537688442211055
七宝焼	1	0.002512562814070352	3.0	0.007537688442211055
感服	1	0.002512562814070352	3.0	0.007537688442211055
藤木	1	0.002512562814070352	3.0	0.007537688442211055
痕	1	0.002512562814070352	3.0	0.007537688442211055
衝撃	1	0.002512562814070352	3.0	0.007537688442211055
蘇峰	1	0.002512562814070352	3.0	0.007537688442211055
柚	1	0.002512562814070352	3.0	0.007537688442211055
伏見桃山	1	0.002512562814070352	3.0	0.007537688442211055
国元	1	0.002512562814070352	3.0	0.007537688442211055
神門	1	0.002512562814070352	3.0	0.007537688442211055
後世	1	0.002512562814070352	2.6989700043360187	0.006781331669185977
歴任	1	0.002512562814070352	2.6989700043360187	0.006781331669185977
高揚	1	0.002512562814070352	2.6989700043360187	0.006781331669185977
再現	1	0.002512562814070352	2.6989700043360187	0.006781331669185977
手紙	1	0.002512562814070352	2.6989700043360187	0.006781331669185977
藩士	1	0.002512562814070352	2.6989700043360187	0.006781331669185977
部下	1	0.002512562814070352	2.6989700043360187	0.006781331669185977
切り出し	1	0.002512562814070352	2.6989700043360187	0.006781331669185977
門司	1	0.002512562814070352	2.6989700043360187	0.006781331669185977
桃山	1	0.002512562814070352	2.6989700043360187	0.006781331669185977
碑	1	0.002512562814070352	2.6989700043360187	0.006781331669185977
折	1	0.002512562814070352	2.6989700043360187	0.006781331669185977
麻布	1	0.002512562814070352	2.6989700043360187	0.006781331669185977
女史	1	0.002512562814070352	2.6989700043360187	0.006781331669185977
胸像	1	0.002512562814070352	2.6989700043360187	0.006781331669185977
銅像	1	0.002512562814070352	2.6989700043360187	0.006781331669185977
南海	1	0.002512562814070352	2.6989700043360187	0.006781331669185977
安置	1	0.002512562814070352	2.6989700043360187	0.006781331669185977
装甲	1	0.002512562814070352	2.6989700043360187	0.006781331669185977
摂津	1	0.002512562814070352	2.6989700043360187	0.006781331669185977
巡洋艦	1	0.002512562814070352	2.6989700043360187	0.006781331669185977
魂	1	0.002512562814070352	2.6989700043360187	0.006781331669185977
例祭	1	0.002512562814070352	2.6989700043360187	0.006781331669185977
静	1	0.002512562814070352	2.6989700043360187	0.006781331669185977
腰	1	0.002512562814070352	2.6989700043360187	0.006781331669185977
疾走	1	0.002512562814070352	2.6989700043360187	0.006781331669185977
祭神	1	0.002512562814070352	2.6989700043360187	0.006781331669185977
毛利	1	0.002512562814070352	2.6989700043360187	0.006781331669185977
モニュメント	1	0.002512562814070352	2.6989700043360187	0.006781331669185977
味方	1	0.002512562814070352	2.6989700043360187	0.006781331669185977
会見	1	0.002512562814070352	2.6989700043360187	0.006781331669185977
小倉	1	0.002512562814070352	2.6989700043360187	0.006781331669185977
後藤	1	0.002512562814070352	2.6989700043360187	0.006781331669185977
夫妻	1	0.002512562814070352	2.6989700043360187	0.006781331669185977
府県	1	0.002512562814070352	2.6989700043360187	0.006781331669185977
外部	2	0.005025125628140704	1.3098039199714864	0.006581929246087872
リンク	2	0.005025125628140704	1.2839966563652008	0.006452244504347743
成	1	0.002512562814070352	2.5228787452803374	0.006338891319799843
山陽	1	0.002512562814070352	2.5228787452803374	0.006338891319799843
彫刻	1	0.002512562814070352	2.5228787452803374	0.006338891319799843
樹齢	1	0.002512562814070352	2.5228787452803374	0.006338891319799843
武士	1	0.002512562814070352	2.5228787452803374	0.006338891319799843
幹	1	0.002512562814070352	2.5228787452803374	0.006338891319799843
近鉄	1	0.002512562814070352	2.5228787452803374	0.006338891319799843
遺族	1	0.002512562814070352	2.5228787452803374	0.006338891319799843
芳	1	0.002512562814070352	2.5228787452803374	0.006338891319799843
白馬	1	0.002512562814070352	2.5228787452803374	0.006338891319799843
建立	1	0.002512562814070352	2.5228787452803374	0.006338891319799843
幼少	1	0.002512562814070352	2.5228787452803374	0.006338891319799843
大門	1	0.002512562814070352	2.5228787452803374	0.006338891319799843
藩主	1	0.002512562814070352	2.5228787452803374	0.006338891319799843
要請	1	0.002512562814070352	2.5228787452803374	0.006338891319799843
従軍	1	0.002512562814070352	2.5228787452803374	0.006338891319799843
慰霊	1	0.002512562814070352	2.5228787452803374	0.006338891319799843
移設	1	0.002512562814070352	2.5228787452803374	0.006338891319799843
馬	1	0.002512562814070352	2.5228787452803374	0.006338891319799843
民家	1	0.002512562814070352	2.5228787452803374	0.006338891319799843
薩摩	1	0.002512562814070352	2.5228787452803374	0.006338891319799843
希	1	0.002512562814070352	2.3979400086720375	0.006024974896160899
海軍	1	0.002512562814070352	2.3979400086720375	0.006024974896160899
大人	1	0.002512562814070352	2.3979400086720375	0.006024974896160899
邸	1	0.002512562814070352	2.3979400086720375	0.006024974896160899
霊	1	0.002512562814070352	2.3979400086720375	0.006024974896160899
電車	1	0.002512562814070352	2.3979400086720375	0.006024974896160899
敵	1	0.002512562814070352	2.3979400086720375	0.006024974896160899
総督	1	0.002512562814070352	2.3979400086720375	0.006024974896160899
幹部	1	0.002512562814070352	2.3979400086720375	0.006024974896160899
引退	1	0.002512562814070352	2.3979400086720375	0.006024974896160899
親	1	0.002512562814070352	2.3979400086720375	0.006024974896160899
一家	1	0.002512562814070352	2.3979400086720375	0.006024974896160899
司令	1	0.002512562814070352	2.3979400086720375	0.006024974896160899
隣	1	0.002512562814070352	2.3010299956639813	0.005781482401165782
身	1	0.002512562814070352	2.3010299956639813	0.005781482401165782
活躍	1	0.002512562814070352	2.3010299956639813	0.005781482401165782
改革	1	0.002512562814070352	2.3010299956639813	0.005781482401165782
模様	1	0.002512562814070352	2.3010299956639813	0.005781482401165782
東経	1	0.002512562814070352	2.3010299956639813	0.005781482401165782
項目	2	0.005025125628140704	1.1426675035687315	0.005742047756626792
関連	2	0.005025125628140704	1.1191864077192086	0.005624052300096526
明	1	0.002512562814070352	2.221848749616356	0.0055825345467747645
奈良	1	0.002512562814070352	2.221848749616356	0.0055825345467747645
日本人	1	0.002512562814070352	2.221848749616356	0.0055825345467747645
豊	1	0.002512562814070352	2.221848749616356	0.0055825345467747645
精神	1	0.002512562814070352	2.221848749616356	0.0055825345467747645
命	1	0.002512562814070352	2.221848749616356	0.0055825345467747645
息子	1	0.002512562814070352	2.221848749616356	0.0055825345467747645
像	1	0.002512562814070352	2.221848749616356	0.0055825345467747645
夫人	1	0.002512562814070352	2.221848749616356	0.0055825345467747645
億	1	0.002512562814070352	2.221848749616356	0.0055825345467747645
千	1	0.002512562814070352	2.221848749616356	0.0055825345467747645
鹿児島	1	0.002512562814070352	2.154901959985743	0.005414326532627496
職	1	0.002512562814070352	2.154901959985743	0.005414326532627496
人々	1	0.002512562814070352	2.154901959985743	0.005414326532627496
少年	1	0.002512562814070352	2.154901959985743	0.005414326532627496
北緯	1	0.002512562814070352	2.154901959985743	0.005414326532627496
石	1	0.002512562814070352	2.154901959985743	0.005414326532627496
全体	1	0.002512562814070352	2.0969100130080562	0.00526861812313582
父	1	0.002512562814070352	2.045757490560675	0.00514009419738863
著名	1	0.002512562814070352	2.045757490560675	0.00514009419738863
物	1	0.002512562814070352	2.0	0.005025125628140704
子	1	0.002512562814070352	2.0	0.005025125628140704
代表	1	0.002512562814070352	2.0	0.005025125628140704
依頼	1	0.002512562814070352	1.958607314841775	0.0049211239066376256
記念	1	0.002512562814070352	1.958607314841775	0.0049211239066376256
形成	1	0.002512562814070352	1.958607314841775	0.0049211239066376256
ところ	1	0.002512562814070352	1.958607314841775	0.0049211239066376256
明治	1	0.002512562814070352	1.9208187539523753	0.004826177773749687
書	1	0.002512562814070352	1.9208187539523753	0.004826177773749687
別	1	0.002512562814070352	1.8860566476931633	0.004738835798224029
代	1	0.002512562814070352	1.8860566476931633	0.004738835798224029
以上	1	0.002512562814070352	1.8860566476931633	0.004738835798224029
多数	1	0.002512562814070352	1.853871964321762	0.004657969759602417
位置	1	0.002512562814070352	1.853871964321762	0.004657969759602417
州	1	0.002512562814070352	1.853871964321762	0.004657969759602417
所在地	1	0.002512562814070352	1.8239087409443187	0.004582685278754569
ここ	1	0.002512562814070352	1.7958800173440752	0.004512261350110742
多く	1	0.002512562814070352	1.7958800173440752	0.004512261350110742
中心	1	0.002512562814070352	1.7695510786217261	0.004446108237743031
その他	1	0.002512562814070352	1.7695510786217261	0.004446108237743031
場	1	0.002512562814070352	1.6989700043360187	0.004268768855115625
昭和	1	0.002512562814070352	1.6777807052660807	0.004215529410216283
次	1	0.002512562814070352	1.6575773191777938	0.004164767133612547
作品	1	0.002512562814070352	1.638272163982407	0.004116261718548761
部	1	0.002512562814070352	1.619788758288394	0.004069821000724608
前	1	0.002512562814070352	1.585026652029182	0.00398247902519895
その後	1	0.002512562814070352	1.537602002101044	0.003863321613319206
それ	1	0.002512562814070352	1.5228787452803376	0.0038263285057294916
人物	1	0.002512562814070352	1.5086383061657274	0.003790548507954089
歴	1	0.002512562814070352	1.5086383061657274	0.003790548507954089
家	1	0.002512562814070352	1.5086383061657274	0.003790548507954089
使用	1	0.002512562814070352	1.4685210829577449	0.003689751464717952
協力	1	0.002512562814070352	1.4436974992327127	0.0036273806513384744
県	1	0.002512562814070352	1.431798275933005	0.0035974831053593092
よう	1	0.002512562814070352	1.3767507096020997	0.003459172637191205
一	1	0.002512562814070352	1.3665315444204136	0.0034334963427648585
話	1	0.002512562814070352	1.3565473235138126	0.003408410360587469
表	1	0.002512562814070352	1.3467874862246563	0.0033838881563433574
・	1	0.002512562814070352	1.337242168318426	0.003359904945523683
編	1	0.002512562814070352	1.3279021420642825	0.0033364375428750815
人	1	0.002512562814070352	1.2596373105057561	0.0031649178655923523
後	1	0.002512562814070352	1.2596373105057561	0.0031649178655923523
者	1	0.002512562814070352	1.1870866433571445	0.002982629757178755
表示	1	0.002512562814070352	1.1426675035687315	0.002871023878313396
目次	1	0.002512562814070352	1.1426675035687315	0.002871023878313396
作成	1	0.002512562814070352	1.00436480540245	0.002523529661815201
カテゴリ	1	0.002512562814070352	1.00436480540245	0.002523529661815201
移動	1	0.002512562814070352	1.0	0.002512562814070352
事典	1	0.002512562814070352	1.0	0.002512562814070352
フリー	1	0.002512562814070352	1.0	0.002512562814070352
出典	1	0.002512562814070352	1.0	0.002512562814070352
百科	1	0.002512562814070352	1.0	0.002512562814070352
検索	1	0.002512562814070352	1.0	0.002512562814070352
