#語	出現回数	TF	IDF	TF-IDF	
クリーブランド	9	0.03103448275862069	3.0	0.09310344827586206
年	25	0.08620689655172414	1.0409586076789064	0.08973781100680228
リーグ	10	0.034482758620689655	2.221848749616356	0.07661547412470193
チーム	11	0.03793103448275862	2.0	0.07586206896551724
球団	7	0.02413793103448276	2.6989700043360187	0.06514755182880046
通算	7	0.02413793103448276	2.5228787452803374	0.06089707316193918
ブルース	5	0.017241379310344827	3.0	0.05172413793103448
ダン	5	0.017241379310344827	3.0	0.05172413793103448
フィリップス	5	0.017241379310344827	3.0	0.05172413793103448
位	8	0.027586206896551724	1.853871964321762	0.051141295567496886
ラップ	5	0.017241379310344827	2.6989700043360187	0.04653396559200032
ビル	5	0.017241379310344827	2.5228787452803374	0.04349790940138513
ナショナル	4	0.013793103448275862	3.0	0.041379310344827586
最多	4	0.013793103448275862	2.6989700043360187	0.03722717247360026
記録	5	0.017241379310344827	1.9208187539523753	0.03311756472331682
デイリー	3	0.010344827586206896	3.0	0.03103448275862069
ジム	3	0.010344827586206896	3.0	0.03103448275862069
投手	3	0.010344827586206896	3.0	0.03103448275862069
打率	3	0.010344827586206896	3.0	0.03103448275862069
ヒュー	3	0.010344827586206896	3.0	0.03103448275862069
野球	4	0.013793103448275862	2.0969100130080562	0.028922896731145602
敗	3	0.010344827586206896	2.6989700043360187	0.027920379355200194
フレッド	3	0.010344827586206896	2.6989700043360187	0.027920379355200194
戦績	3	0.010344827586206896	2.6989700043360187	0.027920379355200194
勝	3	0.010344827586206896	2.5228787452803374	0.026098745640831075
順位	3	0.010344827586206896	2.3979400086720375	0.0248062759517797
試合	3	0.010344827586206896	2.154901959985743	0.022292089241231824
主	4	0.013793103448275862	1.6020599913279625	0.02209737919073052
監督	3	0.010344827586206896	2.0969100130080562	0.0216921725483592
編集	6	0.020689655172413793	1.0177287669604316	0.021056457247457205
勝率	2	0.006896551724137931	3.0	0.020689655172413793
オハイオ	2	0.006896551724137931	3.0	0.020689655172413793
敗戦	2	0.006896551724137931	3.0	0.020689655172413793
防御	2	0.006896551724137931	3.0	0.020689655172413793
安打	2	0.006896551724137931	3.0	0.020689655172413793
本拠地	2	0.006896551724137931	2.6989700043360187	0.01861358623680013
兼任	2	0.006896551724137931	2.6989700043360187	0.01861358623680013
ジョン	2	0.006896551724137931	2.3979400086720375	0.016537517301186466
成績	2	0.006896551724137931	2.3979400086720375	0.016537517301186466
移籍	2	0.006896551724137931	2.3979400086720375	0.016537517301186466
数	3	0.010344827586206896	1.585026652029182	0.01639682743478464
加盟	2	0.006896551724137931	2.3010299956639813	0.015869172383889525
勝利	2	0.006896551724137931	2.154901959985743	0.014861392827487883
率	2	0.006896551724137931	2.0969100130080562	0.014461448365572801
選手	2	0.006896551724137931	2.045757490560675	0.014108672348694309
手	2	0.006896551724137931	1.958607314841775	0.013507636654081208
回	2	0.006896551724137931	1.8860566476931633	0.013007287225470092
州	2	0.006896551724137931	1.853871964321762	0.012785323891874222
所属	2	0.006896551724137931	1.8239087409443187	0.012578680972029783
史	2	0.006896551724137931	1.744727494896694	0.012032603413080647
脚注	2	0.006896551724137931	1.6020599913279625	0.01104868959536526
出典	3	0.010344827586206896	1.0	0.010344827586206896
ジョー	1	0.0034482758620689655	3.0	0.010344827586206896
ユニオン	1	0.0034482758620689655	3.0	0.010344827586206896
一塁	1	0.0034482758620689655	3.0	0.010344827586206896
失策	1	0.0034482758620689655	3.0	0.010344827586206896
三振	1	0.0034482758620689655	3.0	0.010344827586206896
バンク	1	0.0034482758620689655	3.0	0.010344827586206896
躍進	1	0.0034482758620689655	3.0	0.010344827586206896
リー	1	0.0034482758620689655	3.0	0.010344827586206896
アソシエーション	1	0.0034482758620689655	3.0	0.010344827586206896
暴投	1	0.0034482758620689655	3.0	0.010344827586206896
外野	1	0.0034482758620689655	3.0	0.010344827586206896
失点	1	0.0034482758620689655	3.0	0.010344827586206896
打点	1	0.0034482758620689655	3.0	0.010344827586206896
ロフト	1	0.0034482758620689655	3.0	0.010344827586206896
フランチャイズ	1	0.0034482758620689655	2.6989700043360187	0.009306793118400065
リッチモンド	1	0.0034482758620689655	2.6989700043360187	0.009306793118400065
メジャー	1	0.0034482758620689655	2.6989700043360187	0.009306793118400065
最優秀	1	0.0034482758620689655	2.6989700043360187	0.009306793118400065
デトロイト	1	0.0034482758620689655	2.6989700043360187	0.009306793118400065
本塁打	1	0.0034482758620689655	2.6989700043360187	0.009306793118400065
弊害	1	0.0034482758620689655	2.6989700043360187	0.009306793118400065
外部	2	0.006896551724137931	1.3098039199714864	0.009033130482561975
リンク	2	0.006896551724137931	1.2839966563652008	0.008855149354242763
史上	1	0.0034482758620689655	2.5228787452803374	0.008699581880277026
低迷	1	0.0034482758620689655	2.5228787452803374	0.008699581880277026
売却	1	0.0034482758620689655	2.5228787452803374	0.008699581880277026
補強	1	0.0034482758620689655	2.5228787452803374	0.008699581880277026
解散	1	0.0034482758620689655	2.5228787452803374	0.008699581880277026
創設	1	0.0034482758620689655	2.3979400086720375	0.008268758650593233
日	2	0.006896551724137931	1.1804560644581312	0.008141076306607802
フランク	1	0.0034482758620689655	2.3010299956639813	0.007934586191944763
活躍	1	0.0034482758620689655	2.3010299956639813	0.007934586191944763
前後	1	0.0034482758620689655	2.3010299956639813	0.007934586191944763
項目	2	0.006896551724137931	1.1426675035687315	0.00788046554185332
月	2	0.006896551724137931	1.1307682802690238	0.007798401932889819
達成	1	0.0034482758620689655	2.221848749616356	0.007661547412470194
スポーツ	1	0.0034482758620689655	2.221848749616356	0.007661547412470194
攻撃	1	0.0034482758620689655	2.154901959985743	0.0074306964137439415
シーズン	1	0.0034482758620689655	2.154901959985743	0.0074306964137439415
翌年	1	0.0034482758620689655	2.0969100130080562	0.007230724182786401
デビュー	1	0.0034482758620689655	2.0969100130080562	0.007230724182786401
プロ	1	0.0034482758620689655	2.0969100130080562	0.007230724182786401
完全	1	0.0034482758620689655	2.045757490560675	0.007054336174347154
アメリカ合衆国	1	0.0034482758620689655	2.045757490560675	0.007054336174347154
設立	1	0.0034482758620689655	2.0	0.006896551724137931
最初	1	0.0034482758620689655	1.9208187539523753	0.006623512944663363
権	1	0.0034482758620689655	1.8860566476931633	0.006503643612735046
戦	1	0.0034482758620689655	1.853871964321762	0.006392661945937111
面	1	0.0034482758620689655	1.8239087409443187	0.0062893404860148916
年度	1	0.0034482758620689655	1.8239087409443187	0.0062893404860148916
名前	1	0.0034482758620689655	1.8239087409443187	0.0062893404860148916
歳	1	0.0034482758620689655	1.7958800173440752	0.00619268971497957
中心	1	0.0034482758620689655	1.7695510786217261	0.0061019002711094
度	1	0.0034482758620689655	1.7212463990471711	0.005935332410507486
活動	1	0.0034482758620689655	1.7212463990471711	0.005935332410507486
存在	1	0.0034482758620689655	1.5686362358410126	0.005409090468417285
その後	1	0.0034482758620689655	1.537602002101044	0.0053020758693139445
加筆	1	0.0034482758620689655	1.5086383061657274	0.005202201055743887
訂正	1	0.0034482758620689655	1.5086383061657274	0.005202201055743887
協力	1	0.0034482758620689655	1.4436974992327127	0.004978267238733492
の	1	0.0034482758620689655	1.3767507096020997	0.00474741624000724
一	1	0.0034482758620689655	1.3665315444204136	0.004712177739380736
現在	1	0.0034482758620689655	1.3467874862246563	0.004644094780085021
人	1	0.0034482758620689655	1.2596373105057561	0.004343576932778469
者	1	0.0034482758620689655	1.1870866433571445	0.004093402218472912
表示	1	0.0034482758620689655	1.1426675035687315	0.00394023277092666
目次	1	0.0034482758620689655	1.1426675035687315	0.00394023277092666
作成	1	0.0034482758620689655	1.00436480540245	0.003463326915180862
カテゴリ	1	0.0034482758620689655	1.00436480540245	0.003463326915180862
百科	1	0.0034482758620689655	1.0	0.0034482758620689655
移動	1	0.0034482758620689655	1.0	0.0034482758620689655
事典	1	0.0034482758620689655	1.0	0.0034482758620689655
フリー	1	0.0034482758620689655	1.0	0.0034482758620689655
検索	1	0.0034482758620689655	1.0	0.0034482758620689655
