#語	出現回数	TF	IDF	TF-IDF	
漫画	19	0.06229508196721312	2.221848749616356	0.13841024997610088
巻	8	0.02622950819672131	2.154901959985743	0.056522018622576865
文書	6	0.019672131147540985	2.6989700043360187	0.05309449188857742
獣	6	0.019672131147540985	2.3979400086720375	0.04717259033453189
月	12	0.03934426229508197	1.1307682802690238	0.04448924381386323
まき	4	0.013114754098360656	3.0	0.039344262295081964
ドラマ	5	0.01639344262295082	2.3979400086720375	0.03931049194544324
日	10	0.03278688524590164	1.1804560644581312	0.03870347752321742
年	11	0.036065573770491806	1.0409586076789064	0.037542769457272036
原	5	0.01639344262295082	2.0969100130080562	0.03437557398373863
作品	6	0.019672131147540985	1.638272163982407	0.03222830486522768
健一	3	0.009836065573770493	3.0	0.029508196721311476
新書	3	0.009836065573770493	2.3979400086720375	0.023586295167265944
原作	3	0.009836065573770493	2.221848749616356	0.021854249996226455
家	4	0.013114754098360656	1.5086383061657274	0.01978542040873085
雑誌	3	0.009836065573770493	2.0	0.019672131147540985
杉田	2	0.006557377049180328	3.0	0.019672131147540982
透	2	0.006557377049180328	3.0	0.019672131147540982
プロローグ	2	0.006557377049180328	3.0	0.019672131147540982
チェリー	2	0.006557377049180328	3.0	0.019672131147540982
宏一	2	0.006557377049180328	3.0	0.019672131147540982
智和	2	0.006557377049180328	3.0	0.019672131147540982
静馬	2	0.006557377049180328	3.0	0.019672131147540982
春生	2	0.006557377049180328	3.0	0.019672131147540982
山寺	2	0.006557377049180328	3.0	0.019672131147540982
エピローグ	2	0.006557377049180328	3.0	0.019672131147540982
南央	2	0.006557377049180328	3.0	0.019672131147540982
夏未	2	0.006557377049180328	3.0	0.019672131147540982
サウス	2	0.006557377049180328	3.0	0.019672131147540982
部下	2	0.006557377049180328	2.6989700043360187	0.01769816396285914
チェック	2	0.006557377049180328	2.6989700043360187	0.01769816396285914
張	2	0.006557377049180328	2.6989700043360187	0.01769816396285914
望月	2	0.006557377049180328	2.6989700043360187	0.01769816396285914
浅丘	2	0.006557377049180328	2.6989700043360187	0.01769816396285914
大川	2	0.006557377049180328	2.6989700043360187	0.01769816396285914
能	2	0.006557377049180328	2.6989700043360187	0.01769816396285914
登場	3	0.009836065573770493	1.7958800173440752	0.017664393613220412
館	3	0.009836065573770493	1.7958800173440752	0.017664393613220412
中原	2	0.006557377049180328	2.5228787452803374	0.016543467182166146
友	2	0.006557377049180328	2.5228787452803374	0.016543467182166146
茂	2	0.006557377049180328	2.3979400086720375	0.015724196778177296
月刊	2	0.006557377049180328	2.3979400086720375	0.015724196778177296
医師	2	0.006557377049180328	2.3979400086720375	0.015724196778177296
キャスト	2	0.006557377049180328	2.3979400086720375	0.015724196778177296
美	2	0.006557377049180328	2.3979400086720375	0.015724196778177296
書籍	2	0.006557377049180328	2.3010299956639813	0.0150887212830425
村上	2	0.006557377049180328	2.3010299956639813	0.0150887212830425
連載	2	0.006557377049180328	2.221848749616356	0.014569499997484303
テーマ	2	0.006557377049180328	2.0969100130080562	0.01375022959349545
編集	4	0.013114754098360656	1.0177287669604316	0.013347262517513857
者	3	0.009836065573770493	1.1870866433571445	0.01167626206580798
日本	3	0.009836065573770493	1.1870866433571445	0.01167626206580798
項目	3	0.009836065573770493	1.1426675035687315	0.01123935249411867
人物	2	0.006557377049180328	1.5086383061657274	0.009892710204365425
康嗣	1	0.003278688524590164	3.0	0.009836065573770491
啓一	1	0.003278688524590164	3.0	0.009836065573770491
丈	1	0.003278688524590164	3.0	0.009836065573770491
光央	1	0.003278688524590164	3.0	0.009836065573770491
休刊	1	0.003278688524590164	3.0	0.009836065573770491
ジョーンズ	1	0.003278688524590164	3.0	0.009836065573770491
智之	1	0.003278688524590164	3.0	0.009836065573770491
園部	1	0.003278688524590164	3.0	0.009836065573770491
緑川	1	0.003278688524590164	3.0	0.009836065573770491
飯田	1	0.003278688524590164	3.0	0.009836065573770491
イワン	1	0.003278688524590164	3.0	0.009836065573770491
浅川	1	0.003278688524590164	3.0	0.009836065573770491
森久保	1	0.003278688524590164	3.0	0.009836065573770491
隊長	1	0.003278688524590164	3.0	0.009836065573770491
魔	1	0.003278688524590164	3.0	0.009836065573770491
婚	1	0.003278688524590164	3.0	0.009836065573770491
正道	1	0.003278688524590164	3.0	0.009836065573770491
祥	1	0.003278688524590164	3.0	0.009836065573770491
細井	1	0.003278688524590164	3.0	0.009836065573770491
サバイバル	1	0.003278688524590164	3.0	0.009836065573770491
告白	1	0.003278688524590164	3.0	0.009836065573770491
折笠	1	0.003278688524590164	3.0	0.009836065573770491
なるみ	1	0.003278688524590164	3.0	0.009836065573770491
由香	1	0.003278688524590164	3.0	0.009836065573770491
鈴村	1	0.003278688524590164	3.0	0.009836065573770491
魔神	1	0.003278688524590164	3.0	0.009836065573770491
森川	1	0.003278688524590164	3.0	0.009836065573770491
眞一郎	1	0.003278688524590164	3.0	0.009836065573770491
飛田	1	0.003278688524590164	3.0	0.009836065573770491
津野田	1	0.003278688524590164	3.0	0.009836065573770491
由美子	1	0.003278688524590164	3.0	0.009836065573770491
ゆり	1	0.003278688524590164	3.0	0.009836065573770491
美智子	1	0.003278688524590164	3.0	0.009836065573770491
真一	1	0.003278688524590164	3.0	0.009836065573770491
利信	1	0.003278688524590164	3.0	0.009836065573770491
室園	1	0.003278688524590164	3.0	0.009836065573770491
巫	1	0.003278688524590164	3.0	0.009836065573770491
トス	1	0.003278688524590164	3.0	0.009836065573770491
今井	1	0.003278688524590164	2.6989700043360187	0.00884908198142957
むら	1	0.003278688524590164	2.6989700043360187	0.00884908198142957
ケイ	1	0.003278688524590164	2.6989700043360187	0.00884908198142957
緒方	1	0.003278688524590164	2.6989700043360187	0.00884908198142957
根	1	0.003278688524590164	2.6989700043360187	0.00884908198142957
大陸	1	0.003278688524590164	2.6989700043360187	0.00884908198142957
レイ	1	0.003278688524590164	2.6989700043360187	0.00884908198142957
レス	1	0.003278688524590164	2.6989700043360187	0.00884908198142957
基地	1	0.003278688524590164	2.6989700043360187	0.00884908198142957
始まり	1	0.003278688524590164	2.6989700043360187	0.00884908198142957
ファンタジー	1	0.003278688524590164	2.6989700043360187	0.00884908198142957
キュー	1	0.003278688524590164	2.6989700043360187	0.00884908198142957
悠	1	0.003278688524590164	2.6989700043360187	0.00884908198142957
岩田	1	0.003278688524590164	2.6989700043360187	0.00884908198142957
クリストファー	1	0.003278688524590164	2.6989700043360187	0.00884908198142957
恵美	1	0.003278688524590164	2.6989700043360187	0.00884908198142957
想い	1	0.003278688524590164	2.6989700043360187	0.00884908198142957
治	1	0.003278688524590164	2.6989700043360187	0.00884908198142957
たか	1	0.003278688524590164	2.6989700043360187	0.00884908198142957
破壊	1	0.003278688524590164	2.5228787452803374	0.008271733591083073
三木	1	0.003278688524590164	2.5228787452803374	0.008271733591083073
海賊	1	0.003278688524590164	2.5228787452803374	0.008271733591083073
遭遇	1	0.003278688524590164	2.5228787452803374	0.008271733591083073
裕	1	0.003278688524590164	2.5228787452803374	0.008271733591083073
人	2	0.006557377049180328	1.2596373105057561	0.00825991679020168
しま	1	0.003278688524590164	2.3979400086720375	0.007862098389088648
石井	1	0.003278688524590164	2.3979400086720375	0.007862098389088648
展	1	0.003278688524590164	2.3979400086720375	0.007862098389088648
増刊	1	0.003278688524590164	2.3979400086720375	0.007862098389088648
ガ	1	0.003278688524590164	2.3979400086720375	0.007862098389088648
士	1	0.003278688524590164	2.3979400086720375	0.007862098389088648
順	1	0.003278688524590164	2.3010299956639813	0.00754436064152125
冒険	1	0.003278688524590164	2.3010299956639813	0.00754436064152125
太田	1	0.003278688524590164	2.3010299956639813	0.00754436064152125
山田	1	0.003278688524590164	2.3010299956639813	0.00754436064152125
表示	2	0.006557377049180328	1.1426675035687315	0.00749290166274578
愛	1	0.003278688524590164	2.221848749616356	0.007284749998742152
太郎	1	0.003278688524590164	2.221848749616356	0.007284749998742152
谷	1	0.003278688524590164	2.154901959985743	0.007065252327822108
光	1	0.003278688524590164	2.154901959985743	0.007065252327822108
歌	1	0.003278688524590164	2.154901959985743	0.007065252327822108
博士	1	0.003278688524590164	2.154901959985743	0.007065252327822108
石	1	0.003278688524590164	2.154901959985743	0.007065252327822108
小林	1	0.003278688524590164	2.0969100130080562	0.006875114796747725
プロジェクト	1	0.003278688524590164	2.045757490560675	0.006707401608395655
カテゴリ	2	0.006557377049180328	1.00436480540245	0.0065859987239504925
子供	1	0.003278688524590164	2.0	0.006557377049180328
子	1	0.003278688524590164	2.0	0.006557377049180328
男	1	0.003278688524590164	1.958607314841775	0.006421663327350082
長	1	0.003278688524590164	1.7695510786217261	0.005801806815153201
開始	1	0.003278688524590164	1.7212463990471711	0.005643430816548102
場合	1	0.003278688524590164	1.5528419686577808	0.0050912851431402645
化	1	0.003278688524590164	1.537602002101044	0.005041318039675554
歴	1	0.003278688524590164	1.5086383061657274	0.004946355102182712
加筆	1	0.003278688524590164	1.5086383061657274	0.004946355102182712
訂正	1	0.003278688524590164	1.5086383061657274	0.004946355102182712
協力	1	0.003278688524590164	1.4436974992327127	0.004733434423713812
時代	1	0.003278688524590164	1.408935392973501	0.0046194603048311505
話	1	0.003278688524590164	1.3565473235138126	0.004447696142668238
表	1	0.003278688524590164	1.3467874862246563	0.004415696676146414
・	1	0.003278688524590164	1.337242168318426	0.004384400551863691
編	1	0.003278688524590164	1.3279021420642825	0.00435377751496486
リンク	1	0.003278688524590164	1.2839966563652008	0.004209825102836724
後	1	0.003278688524590164	1.2596373105057561	0.00412995839510084
目次	1	0.003278688524590164	1.1426675035687315	0.00374645083137289
関連	1	0.003278688524590164	1.1191864077192086	0.0036694636318662576
作成	1	0.003278688524590164	1.00436480540245	0.0032929993619752462
百科	1	0.003278688524590164	1.0	0.003278688524590164
移動	1	0.003278688524590164	1.0	0.003278688524590164
事典	1	0.003278688524590164	1.0	0.003278688524590164
フリー	1	0.003278688524590164	1.0	0.003278688524590164
検索	1	0.003278688524590164	1.0	0.003278688524590164
出典	1	0.003278688524590164	1.0	0.003278688524590164
