#語	出現回数	TF	IDF	TF-IDF	
松江	17	0.03512396694214876	3.0	0.10537190082644629
藩主	11	0.022727272727272728	2.5228787452803374	0.05733815330182585
島根	9	0.01859504132231405	3.0	0.05578512396694215
廟	7	0.014462809917355372	3.0	0.04338842975206612
文化財	9	0.01859504132231405	2.3010299956639813	0.04278774785325585
松平	7	0.014462809917355372	2.6989700043360187	0.03903469014535564
大亀	6	0.012396694214876033	3.0	0.0371900826446281
岩	6	0.012396694214876033	3.0	0.0371900826446281
直政	6	0.012396694214876033	3.0	0.0371900826446281
指定	8	0.01652892561983471	2.0969100130080562	0.0346596696364968
墓所	6	0.012396694214876033	2.6989700043360187	0.03345830583887627
門	7	0.014462809917355372	2.221848749616356	0.03213417613081507
史跡	6	0.012396694214876033	2.5228787452803374	0.03127535634645046
照寺	5	0.010330578512396695	3.0	0.030991735537190084
県	10	0.02066115702479339	1.431798275933005	0.02958260900688027
境内	5	0.010330578512396695	2.5228787452803374	0.026062796955375386
年	12	0.024793388429752067	1.0409586076789064	0.025808891099477017
有形	4	0.008264462809917356	3.0	0.024793388429752067
久多見	4	0.008264462809917356	3.0	0.024793388429752067
寺	5	0.010330578512396695	2.221848749616356	0.022952982950582193
庵	4	0.008264462809917356	2.6989700043360187	0.02230553722591751
浄土宗	4	0.008264462809917356	2.6989700043360187	0.02230553722591751
出雲	4	0.008264462809917356	2.5228787452803374	0.02085023756430031
伝説	4	0.008264462809917356	2.3979400086720375	0.019817686022082955
代	5	0.010330578512396695	1.8860566476931633	0.019484056277821935
市	6	0.012396694214876033	1.5228787452803376	0.018878662131574433
寛文	3	0.006198347107438017	3.0	0.01859504132231405
大円	3	0.006198347107438017	3.0	0.01859504132231405
外中原	3	0.006198347107438017	3.0	0.01859504132231405
院	4	0.008264462809917356	2.0969100130080562	0.0173298348182484
碑	3	0.006198347107438017	2.6989700043360187	0.016729152919438134
月	7	0.014462809917355372	1.1307682802690238	0.016354086698105716
国	5	0.010330578512396695	1.5528419686577808	0.016041755874563853
真	3	0.006198347107438017	2.5228787452803374	0.01563767817322523
町	4	0.008264462809917356	1.7958800173440752	0.014841983614413846
編集	7	0.014462809917355372	1.0177287669604316	0.014719217703973185
家	4	0.008264462809917356	1.5086383061657274	0.012468085174923368
国神	2	0.004132231404958678	3.0	0.012396694214876033
騎	2	0.004132231404958678	3.0	0.012396694214876033
地蔵	2	0.004132231404958678	3.0	0.012396694214876033
延命	2	0.004132231404958678	3.0	0.012396694214876033
霊場	2	0.004132231404958678	3.0	0.012396694214876033
誉	2	0.004132231404958678	3.0	0.012396694214876033
歓喜	2	0.004132231404958678	3.0	0.012396694214876033
獅子	2	0.004132231404958678	3.0	0.012396694214876033
札所	2	0.004132231404958678	3.0	0.012396694214876033
絹本	2	0.004132231404958678	3.0	0.012396694214876033
八雲	2	0.004132231404958678	3.0	0.012396694214876033
文殊	2	0.004132231404958678	3.0	0.012396694214876033
寿蔵	2	0.004132231404958678	3.0	0.012396694214876033
お抱え	2	0.004132231404958678	3.0	0.012396694214876033
廟所	2	0.004132231404958678	3.0	0.012396694214876033
治郷	2	0.004132231404958678	3.0	0.012396694214876033
山号	2	0.004132231404958678	3.0	0.012396694214876033
アジサイ	2	0.004132231404958678	3.0	0.012396694214876033
開基	2	0.004132231404958678	3.0	0.012396694214876033
所在地	3	0.006198347107438017	1.8239087409443187	0.011305219468663133
尊	2	0.004132231404958678	2.5228787452803374	0.010425118782150154
材料	2	0.004132231404958678	2.5228787452803374	0.010425118782150154
小泉	2	0.004132231404958678	2.5228787452803374	0.010425118782150154
寺院	2	0.004132231404958678	2.5228787452803374	0.010425118782150154
分	3	0.006198347107438017	1.6575773191777938	0.01027423958168054
徒歩	2	0.004132231404958678	2.221848749616356	0.009181193180232876
仏	2	0.004132231404958678	2.221848749616356	0.009181193180232876
像	2	0.004132231404958678	2.221848749616356	0.009181193180232876
母	2	0.004132231404958678	2.221848749616356	0.009181193180232876
初代	2	0.004132231404958678	2.154901959985743	0.008904553553660096
番	2	0.004132231404958678	2.154901959985743	0.008904553553660096
秒	2	0.004132231404958678	2.154901959985743	0.008904553553660096
著	2	0.004132231404958678	2.0969100130080562	0.0086649174091242
山	2	0.004132231404958678	2.0969100130080562	0.0086649174091242
さん	2	0.004132231404958678	2.0969100130080562	0.0086649174091242
色	2	0.004132231404958678	2.045757490560675	0.008453543349424277
アクセス	2	0.004132231404958678	2.045757490560675	0.008453543349424277
現在	3	0.006198347107438017	1.3467874862246563	0.008347856319574316
沿革	2	0.004132231404958678	2.0	0.008264462809917356
江戸	2	0.004132231404958678	1.958607314841775	0.008093418656370971
長	2	0.004132231404958678	1.7695510786217261	0.007312194539759199
度	2	0.004132231404958678	1.7212463990471711	0.007112588425814757
社	2	0.004132231404958678	1.7212463990471711	0.007112588425814757
交通	2	0.004132231404958678	1.7212463990471711	0.007112588425814757
所	2	0.004132231404958678	1.6989700043360187	0.0070205372080000775
際	2	0.004132231404958678	1.6777807052660807	0.006932978120934218
地	2	0.004132231404958678	1.537602002101044	0.006353727281409273
等	2	0.004132231404958678	1.5086383061657274	0.006234042587461684
我	1	0.002066115702479339	3.0	0.006198347107438017
逗留	1	0.002066115702479339	3.0	0.006198347107438017
刻	1	0.002066115702479339	3.0	0.006198347107438017
町中	1	0.002066115702479339	3.0	0.006198347107438017
光山	1	0.002066115702479339	3.0	0.006198347107438017
臨終	1	0.002066115702479339	3.0	0.006198347107438017
墳墓	1	0.002066115702479339	3.0	0.006198347107438017
牌	1	0.002066115702479339	3.0	0.006198347107438017
本尊	1	0.002066115702479339	3.0	0.006198347107438017
茶人	1	0.002066115702479339	3.0	0.006198347107438017
神石	1	0.002066115702479339	3.0	0.006198347107438017
産地	1	0.002066115702479339	3.0	0.006198347107438017
神威	1	0.002066115702479339	3.0	0.006198347107438017
随筆	1	0.002066115702479339	3.0	0.006198347107438017
わ	1	0.002066115702479339	3.0	0.006198347107438017
土台	1	0.002066115702479339	3.0	0.006198347107438017
しょうにん	1	0.002066115702479339	3.0	0.006198347107438017
寄進	1	0.002066115702479339	3.0	0.006198347107438017
雷電	1	0.002066115702479339	3.0	0.006198347107438017
堅牢	1	0.002066115702479339	3.0	0.006198347107438017
徘徊	1	0.002066115702479339	3.0	0.006198347107438017
葬送	1	0.002066115702479339	3.0	0.006198347107438017
霊廟	1	0.002066115702479339	3.0	0.006198347107438017
圓	1	0.002066115702479339	3.0	0.006198347107438017
攻	1	0.002066115702479339	3.0	0.006198347107438017
遺命	1	0.002066115702479339	3.0	0.006198347107438017
しょうじ	1	0.002066115702479339	3.0	0.006198347107438017
一畑	1	0.002066115702479339	3.0	0.006198347107438017
雲寺	1	0.002066115702479339	3.0	0.006198347107438017
阿弥陀如来	1	0.002066115702479339	3.0	0.006198347107438017
名工	1	0.002066115702479339	3.0	0.006198347107438017
禅	1	0.002066115702479339	3.0	0.006198347107438017
遺品	1	0.002066115702479339	3.0	0.006198347107438017
荒廃	1	0.002066115702479339	3.0	0.006198347107438017
親孝行	1	0.002066115702479339	3.0	0.006198347107438017
石材	1	0.002066115702479339	3.0	0.006198347107438017
宝物殿	1	0.002066115702479339	3.0	0.006198347107438017
北松江線	1	0.002066115702479339	3.0	0.006198347107438017
力士	1	0.002066115702479339	3.0	0.006198347107438017
再興	1	0.002066115702479339	2.6989700043360187	0.005576384306479378
本殿	1	0.002066115702479339	2.6989700043360187	0.005576384306479378
切り出し	1	0.002066115702479339	2.6989700043360187	0.005576384306479378
面影	1	0.002066115702479339	2.6989700043360187	0.005576384306479378
衞	1	0.002066115702479339	2.6989700043360187	0.005576384306479378
見事	1	0.002066115702479339	2.6989700043360187	0.005576384306479378
隆	1	0.002066115702479339	2.6989700043360187	0.005576384306479378
開花	1	0.002066115702479339	2.6989700043360187	0.005576384306479378
長生き	1	0.002066115702479339	2.6989700043360187	0.005576384306479378
大社	1	0.002066115702479339	2.6989700043360187	0.005576384306479378
良好	1	0.002066115702479339	2.6989700043360187	0.005576384306479378
養	1	0.002066115702479339	2.6989700043360187	0.005576384306479378
安置	1	0.002066115702479339	2.6989700043360187	0.005576384306479378
洞	1	0.002066115702479339	2.6989700043360187	0.005576384306479378
蓮池	1	0.002066115702479339	2.6989700043360187	0.005576384306479378
茶室	1	0.002066115702479339	2.6989700043360187	0.005576384306479378
運搬	1	0.002066115702479339	2.6989700043360187	0.005576384306479378
絵師	1	0.002066115702479339	2.6989700043360187	0.005576384306479378
山中	1	0.002066115702479339	2.6989700043360187	0.005576384306479378
上人	1	0.002066115702479339	2.6989700043360187	0.005576384306479378
外部	2	0.004132231404958678	1.3098039199714864	0.005412412892444159
リンク	2	0.004132231404958678	1.2839966563652008	0.005305771307294219
西方	1	0.002066115702479339	2.5228787452803374	0.005212559391075077
データベース	1	0.002066115702479339	2.5228787452803374	0.005212559391075077
通	1	0.002066115702479339	2.5228787452803374	0.005212559391075077
彫刻	1	0.002066115702479339	2.5228787452803374	0.005212559391075077
附	1	0.002066115702479339	2.5228787452803374	0.005212559391075077
宗派	1	0.002066115702479339	2.5228787452803374	0.005212559391075077
単独	1	0.002066115702479339	2.5228787452803374	0.005212559391075077
功	1	0.002066115702479339	2.5228787452803374	0.005212559391075077
大神	1	0.002066115702479339	2.5228787452803374	0.005212559391075077
創建	1	0.002066115702479339	2.5228787452803374	0.005212559391075077
展示	1	0.002066115702479339	2.5228787452803374	0.005212559391075077
そう	1	0.002066115702479339	2.5228787452803374	0.005212559391075077
綱	1	0.002066115702479339	2.5228787452803374	0.005212559391075077
頭	1	0.002066115702479339	2.3979400086720375	0.004954421505520739
停留所	1	0.002066115702479339	2.3979400086720375	0.004954421505520739
ちょう	1	0.002066115702479339	2.3979400086720375	0.004954421505520739
生母	1	0.002066115702479339	2.3979400086720375	0.004954421505520739
緑色	1	0.002066115702479339	2.3979400086720375	0.004954421505520739
市立	1	0.002066115702479339	2.3979400086720375	0.004954421505520739
霊	1	0.002066115702479339	2.3979400086720375	0.004954421505520739
信仰	1	0.002066115702479339	2.3979400086720375	0.004954421505520739
電車	1	0.002066115702479339	2.3979400086720375	0.004954421505520739
照	1	0.002066115702479339	2.3979400086720375	0.004954421505520739
下車	1	0.002066115702479339	2.3010299956639813	0.004754194205917317
湖	1	0.002066115702479339	2.3010299956639813	0.004754194205917317
都道府県	1	0.002066115702479339	2.3010299956639813	0.004754194205917317
東経	1	0.002066115702479339	2.3010299956639813	0.004754194205917317
市営	1	0.002066115702479339	2.3010299956639813	0.004754194205917317
項目	2	0.004132231404958678	1.1426675035687315	0.004721766543672444
関連	2	0.004132231404958678	1.1191864077192086	0.004624737221980201
命	1	0.002066115702479339	2.221848749616356	0.004590596590116438
作	1	0.002066115702479339	2.221848749616356	0.004590596590116438
隣接	1	0.002066115702479339	2.221848749616356	0.004590596590116438
そこ	1	0.002066115702479339	2.221848749616356	0.004590596590116438
宗	1	0.002066115702479339	2.221848749616356	0.004590596590116438
温泉	1	0.002066115702479339	2.221848749616356	0.004590596590116438
歴代	1	0.002066115702479339	2.221848749616356	0.004590596590116438
キロ	1	0.002066115702479339	2.221848749616356	0.004590596590116438
藩	1	0.002066115702479339	2.221848749616356	0.004590596590116438
街	1	0.002066115702479339	2.154901959985743	0.004452276776830048
保存	1	0.002066115702479339	2.154901959985743	0.004452276776830048
末	1	0.002066115702479339	2.154901959985743	0.004452276776830048
客	1	0.002066115702479339	2.154901959985743	0.004452276776830048
死去	1	0.002066115702479339	2.154901959985743	0.004452276776830048
北緯	1	0.002066115702479339	2.154901959985743	0.004452276776830048
石	1	0.002066115702479339	2.154901959985743	0.004452276776830048
中国	1	0.002066115702479339	2.0969100130080562	0.0043324587045621
百	1	0.002066115702479339	2.0969100130080562	0.0043324587045621
状	1	0.002066115702479339	2.0969100130080562	0.0043324587045621
紹介	1	0.002066115702479339	2.0969100130080562	0.0043324587045621
小林	1	0.002066115702479339	2.0969100130080562	0.0043324587045621
観光	1	0.002066115702479339	2.0969100130080562	0.0043324587045621
父	1	0.002066115702479339	2.045757490560675	0.004226771674712138
著名	1	0.002066115702479339	2.045757490560675	0.004226771674712138
中学校	1	0.002066115702479339	2.045757490560675	0.004226771674712138
状態	1	0.002066115702479339	2.045757490560675	0.004226771674712138
時期	1	0.002066115702479339	2.0	0.004132231404958678
以後	1	0.002066115702479339	2.0	0.004132231404958678
神	1	0.002066115702479339	2.0	0.004132231404958678
世紀	1	0.002066115702479339	2.0	0.004132231404958678
明治	1	0.002066115702479339	1.9208187539523753	0.003968633789157801
位置	1	0.002066115702479339	1.853871964321762	0.0038303139758714094
バス	1	0.002066115702479339	1.853871964321762	0.0038303139758714094
平成	1	0.002066115702479339	1.853871964321762	0.0038303139758714094
水	1	0.002066115702479339	1.8239087409443187	0.0037684064895543777
法	1	0.002066115702479339	1.8239087409443187	0.0037684064895543777
ここ	1	0.002066115702479339	1.7958800173440752	0.0037104959036034614
多く	1	0.002066115702479339	1.7958800173440752	0.0037104959036034614
下	1	0.002066115702479339	1.7695510786217261	0.0036560972698795997
地方	1	0.002066115702479339	1.7695510786217261	0.0036560972698795997
駅	1	0.002066115702479339	1.744727494896694	0.0036048088737535003
線	1	0.002066115702479339	1.6989700043360187	0.0035102686040000388
一覧	1	0.002066115702479339	1.6575773191777938	0.003424746527226847
内	1	0.002066115702479339	1.619788758288394	0.0033466709881991613
歴史	1	0.002066115702479339	1.5686362358410126	0.0032409839583491997
歴	1	0.002066115702479339	1.5086383061657274	0.003117021293730842
時代	1	0.002066115702479339	1.408935392973501	0.0029110235392014482
よう	1	0.002066115702479339	1.3767507096020997	0.0028445262595084703
一	1	0.002066115702479339	1.3665315444204136	0.002823412281860359
話	1	0.002066115702479339	1.3565473235138126	0.002802783726268208
表	1	0.002066115702479339	1.3467874862246563	0.0027826187731914385
・	1	0.002066115702479339	1.337242168318426	0.002762897041980219
編	1	0.002066115702479339	1.3279021420642825	0.002743599467074964
後	1	0.002066115702479339	1.2596373105057561	0.0026025564266647853
ため	1	0.002066115702479339	1.2291479883578558	0.0025395619594170576
日本	1	0.002066115702479339	1.1870866433571445	0.002452658354043687
日	1	0.002066115702479339	1.1804560644581312	0.0024389588108639075
表示	1	0.002066115702479339	1.1426675035687315	0.002360883271836222
目次	1	0.002066115702479339	1.1426675035687315	0.002360883271836222
作成	1	0.002066115702479339	1.00436480540245	0.0020751338954596078
カテゴリ	1	0.002066115702479339	1.00436480540245	0.0020751338954596078
移動	1	0.002066115702479339	1.0	0.002066115702479339
事典	1	0.002066115702479339	1.0	0.002066115702479339
フリー	1	0.002066115702479339	1.0	0.002066115702479339
出典	1	0.002066115702479339	1.0	0.002066115702479339
百科	1	0.002066115702479339	1.0	0.002066115702479339
検索	1	0.002066115702479339	1.0	0.002066115702479339
