#語	出現回数	TF	IDF	TF-IDF	
市	77	0.04230769230769231	1.5228787452803376	0.06442948537724506
アルプス	36	0.01978021978021978	2.6989700043360187	0.05338621986598718
町	39	0.02142857142857143	1.7958800173440752	0.038483143228801614
南	35	0.019230769230769232	1.9208187539523753	0.036938822191391836
山梨	20	0.01098901098901099	3.0	0.03296703296703297
白根	16	0.008791208791208791	3.0	0.026373626373626374
甲府	16	0.008791208791208791	2.6989700043360187	0.023727208829327637
駅	23	0.012637362637362638	1.744727494896694	0.02204875405638679
小学校	18	0.00989010989010989	1.958607314841775	0.019370841575358216
村	15	0.008241758241758242	2.0969100130080562	0.01728222538193453
芦安	10	0.005494505494505495	3.0	0.016483516483516484
年	28	0.015384615384615385	1.0409586076789064	0.016014747810444714
人口	10	0.005494505494505495	2.6989700043360187	0.014829505518329775
小笠原	10	0.005494505494505495	2.5228787452803374	0.013861971127913942
県	17	0.00934065934065934	1.431798275933005	0.013373939940033563
櫛形	8	0.004395604395604396	3.0	0.013186813186813187
線	14	0.007692307692307693	1.6989700043360187	0.01306900003335399
中央	12	0.006593406593406593	1.9208187539523753	0.01266473903704863
編集	22	0.012087912087912088	1.0177287669604316	0.012302215864356866
岳	8	0.004395604395604396	2.6989700043360187	0.011863604414663819
経由	9	0.004945054945054945	2.3979400086720375	0.011857945097828755
北	11	0.006043956043956044	1.8860566476931633	0.01139924347506857
郡	10	0.005494505494505495	2.045757490560675	0.0112404257723114
画像	8	0.004395604395604396	2.3979400086720375	0.01054039564251445
中学校	9	0.004945054945054945	2.045757490560675	0.010116383195080259
甲西	6	0.0032967032967032967	3.0	0.00989010989010989
若草	6	0.0032967032967032967	3.0	0.00989010989010989
地帯	7	0.0038461538461538464	2.5228787452803374	0.00970337978953976
甲斐	7	0.0038461538461538464	2.5228787452803374	0.00970337978953976
提供	8	0.004395604395604396	2.0969100130080562	0.009217186870365083
川	7	0.0038461538461538464	2.3010299956639813	0.00885011536793839
日	13	0.007142857142857143	1.1804560644581312	0.008431829031843795
釜無川	5	0.0027472527472527475	3.0	0.008241758241758242
韮崎	5	0.0027472527472527475	3.0	0.008241758241758242
月	13	0.007142857142857143	1.1307682802690238	0.008076916287635884
部	9	0.004945054945054945	1.619788758288394	0.008009944409118432
表記	6	0.0032967032967032967	2.3979400086720375	0.007905296731885838
選手	7	0.0038461538461538464	2.045757490560675	0.00786829804061798
人	11	0.006043956043956044	1.2596373105057561	0.007613192536023801
橋	6	0.0032967032967032967	2.3010299956639813	0.0075858131725186195
県立	6	0.0032967032967032967	2.3010299956639813	0.0075858131725186195
交通	8	0.004395604395604396	1.7212463990471711	0.007565918237569983
ほか	8	0.004395604395604396	1.7212463990471711	0.007565918237569983
標高	5	0.0027472527472527475	2.6989700043360187	0.007414752759164887
地域	7	0.0038461538461538464	1.8860566476931633	0.00725406402958909
道路	6	0.0032967032967032967	2.154901959985743	0.0071040723955573945
学校	7	0.0038461538461538464	1.7695510786217261	0.00680596568700664
市川	4	0.002197802197802198	3.0	0.006593406593406593
八田	4	0.002197802197802198	3.0	0.006593406593406593
未定	4	0.002197802197802198	3.0	0.006593406593406593
市域	4	0.002197802197802198	3.0	0.006593406593406593
富士川	4	0.002197802197802198	3.0	0.006593406593406593
三郷	4	0.002197802197802198	3.0	0.006593406593406593
早川	4	0.002197802197802198	3.0	0.006593406593406593
勅使	4	0.002197802197802198	3.0	0.006593406593406593
六科	4	0.002197802197802198	3.0	0.006593406593406593
広河原	4	0.002197802197802198	3.0	0.006593406593406593
扇状地	4	0.002197802197802198	3.0	0.006593406593406593
合併	5	0.0027472527472527475	2.3979400086720375	0.006587747276571532
依頼	6	0.0032967032967032967	1.958607314841775	0.006456947191786072
バス	6	0.0032967032967032967	1.853871964321762	0.006111665816445369
南部	5	0.0027472527472527475	2.221848749616356	0.0061039800813636165
西野	4	0.002197802197802198	2.6989700043360187	0.005931802207331909
伊奈	4	0.002197802197802198	2.6989700043360187	0.005931802207331909
住民	4	0.002197802197802198	2.6989700043360187	0.005931802207331909
山間	4	0.002197802197802198	2.6989700043360187	0.005931802207331909
河川	4	0.002197802197802198	2.6989700043360187	0.005931802207331909
信玄	4	0.002197802197802198	2.6989700043360187	0.005931802207331909
市内	5	0.0027472527472527475	2.154901959985743	0.005920060329631163
公募	4	0.002197802197802198	2.5228787452803374	0.005544788451165576
議員	4	0.002197802197802198	2.5228787452803374	0.005544788451165576
鉄道	5	0.0027472527472527475	2.0	0.005494505494505495
営業	5	0.0027472527472527475	1.9208187539523753	0.005276974598770262
静岡	4	0.002197802197802198	2.3979400086720375	0.005270197821257225
自治体	4	0.002197802197802198	2.3979400086720375	0.005270197821257225
現在	7	0.0038461538461538464	1.3467874862246563	0.0051799518700948325
湖	4	0.002197802197802198	2.3010299956639813	0.00505720878167908
行政	4	0.002197802197802198	2.3010299956639813	0.00505720878167908
水	5	0.0027472527472527475	1.8239087409443187	0.005010738299297579
間ノ岳	3	0.0016483516483516484	3.0	0.004945054945054945
投票	3	0.0016483516483516484	3.0	0.004945054945054945
仙丈ケ岳	3	0.0016483516483516484	3.0	0.004945054945054945
鰍沢	3	0.0016483516483516484	3.0	0.004945054945054945
ローマ字	3	0.0016483516483516484	3.0	0.004945054945054945
中巨摩	3	0.0016483516483516484	3.0	0.004945054945054945
氾濫	3	0.0016483516483516484	3.0	0.004945054945054945
巨摩	3	0.0016483516483516484	3.0	0.004945054945054945
南湖	3	0.0016483516483516484	3.0	0.004945054945054945
平坦	3	0.0016483516483516484	3.0	0.004945054945054945
杜	3	0.0016483516483516484	3.0	0.004945054945054945
名	6	0.0032967032967032967	1.494850021680094	0.00492807699454976
隣接	4	0.002197802197802198	2.221848749616356	0.004883184065090892
所	5	0.0027472527472527475	1.6989700043360187	0.0046675000119121395
国道	4	0.002197802197802198	2.0969100130080562	0.004608593435182541
地区	4	0.002197802197802198	2.0969100130080562	0.004608593435182541
山	4	0.002197802197802198	2.0969100130080562	0.004608593435182541
都市	4	0.002197802197802198	2.0969100130080562	0.004608593435182541
病院	4	0.002197802197802198	2.045757490560675	0.00449617030892456
長野	4	0.002197802197802198	2.045757490560675	0.00449617030892456
地名	3	0.0016483516483516484	2.6989700043360187	0.004448851655498932
遺跡	3	0.0016483516483516484	2.6989700043360187	0.004448851655498932
近年	4	0.002197802197802198	2.0	0.004395604395604396
存在	5	0.0027472527472527475	1.5686362358410126	0.00430944020835443
歴史	5	0.0027472527472527475	1.5686362358410126	0.00430944020835443
これら	4	0.002197802197802198	1.958607314841775	0.004304631461190715
はじめ	4	0.002197802197802198	1.958607314841775	0.004304631461190715
路線	4	0.002197802197802198	1.9208187539523753	0.004221579679016209
高等	4	0.002197802197802198	1.8860566476931633	0.004145179445479479
平成	4	0.002197802197802198	1.853871964321762	0.004074443877630246
本線	3	0.0016483516483516484	2.3979400086720375	0.003952648365942919
電車	3	0.0016483516483516484	2.3979400086720375	0.003952648365942919
地方	4	0.002197802197802198	1.7695510786217261	0.0038891232497180795
分布	3	0.0016483516483516484	2.3010299956639813	0.0037929065862593097
源	3	0.0016483516483516484	2.3010299956639813	0.0037929065862593097
昭和	4	0.002197802197802198	1.6777807052660807	0.003687430121463914
地理	3	0.0016483516483516484	2.221848749616356	0.0036623880488181695
アナウンサー	3	0.0016483516483516484	2.221848749616356	0.0036623880488181695
西部	3	0.0016483516483516484	2.221848749616356	0.0036623880488181695
光	3	0.0016483516483516484	2.154901959985743	0.0035520361977786972
支援	3	0.0016483516483516484	2.154901959985743	0.0035520361977786972
利用	4	0.002197802197802198	1.6020599913279625	0.003521010969951566
三	4	0.002197802197802198	1.6020599913279625	0.003521010969951566
区	3	0.0016483516483516484	2.0969100130080562	0.0034564450763869057
原	3	0.0016483516483516484	2.0969100130080562	0.0034564450763869057
建築	3	0.0016483516483516484	2.0969100130080562	0.0034564450763869057
国内	3	0.0016483516483516484	2.045757490560675	0.00337212773169342
自然	3	0.0016483516483516484	2.0	0.0032967032967032967
赤石山脈	2	0.001098901098901099	3.0	0.0032967032967032967
ゆかり	2	0.001098901098901099	3.0	0.0032967032967032967
南ア	2	0.001098901098901099	3.0	0.0032967032967032967
堰	2	0.001098901098901099	3.0	0.0032967032967032967
櫛形山	2	0.001098901098901099	3.0	0.0032967032967032967
一望	2	0.001098901098901099	3.0	0.0032967032967032967
バレーボール	2	0.001098901098901099	3.0	0.0032967032967032967
盆地	2	0.001098901098901099	3.0	0.0032967032967032967
野呂川	2	0.001098901098901099	3.0	0.0032967032967032967
荊沢	2	0.001098901098901099	3.0	0.0032967032967032967
こま	2	0.001098901098901099	3.0	0.0032967032967032967
西八代	2	0.001098901098901099	3.0	0.0032967032967032967
みなみ	2	0.001098901098901099	3.0	0.0032967032967032967
伊那	2	0.001098901098901099	3.0	0.0032967032967032967
河西	2	0.001098901098901099	3.0	0.0032967032967032967
カタカナ	2	0.001098901098901099	3.0	0.0032967032967032967
東洋	2	0.001098901098901099	3.0	0.0032967032967032967
坪川	2	0.001098901098901099	3.0	0.0032967032967032967
何れ	2	0.001098901098901099	3.0	0.0032967032967032967
寸	2	0.001098901098901099	3.0	0.0032967032967032967
用水	2	0.001098901098901099	3.0	0.0032967032967032967
縦断	2	0.001098901098901099	3.0	0.0032967032967032967
南巨摩	2	0.001098901098901099	3.0	0.0032967032967032967
天井川	2	0.001098901098901099	3.0	0.0032967032967032967
衆議院	2	0.001098901098901099	3.0	0.0032967032967032967
身延	2	0.001098901098901099	3.0	0.0032967032967032967
果樹	2	0.001098901098901099	3.0	0.0032967032967032967
奈良田	2	0.001098901098901099	3.0	0.0032967032967032967
浅原	2	0.001098901098901099	3.0	0.0032967032967032967
アイオワ	2	0.001098901098901099	3.0	0.0032967032967032967
身延線	2	0.001098901098901099	3.0	0.0032967032967032967
江戸	3	0.0016483516483516484	1.958607314841775	0.003228473595893036
道	3	0.0016483516483516484	1.8860566476931633	0.0031088845841096098
別	3	0.0016483516483516484	1.8860566476931633	0.0031088845841096098
誕生	3	0.0016483516483516484	1.8860566476931633	0.0031088845841096098
時代	4	0.002197802197802198	1.408935392973501	0.0030965613032384637
英語	3	0.0016483516483516484	1.853871964321762	0.0030558329082226846
州	3	0.0016483516483516484	1.853871964321762	0.0030558329082226846
位	3	0.0016483516483516484	1.853871964321762	0.0030558329082226846
滝沢	2	0.001098901098901099	2.6989700043360187	0.0029659011036659547
ルート	2	0.001098901098901099	2.6989700043360187	0.0029659011036659547
上部	2	0.001098901098901099	2.6989700043360187	0.0029659011036659547
考古	2	0.001098901098901099	2.6989700043360187	0.0029659011036659547
有名人	2	0.001098901098901099	2.6989700043360187	0.0029659011036659547
三角	2	0.001098901098901099	2.6989700043360187	0.0029659011036659547
登山	2	0.001098901098901099	2.6989700043360187	0.0029659011036659547
本体	2	0.001098901098901099	2.6989700043360187	0.0029659011036659547
市役所	2	0.001098901098901099	2.6989700043360187	0.0029659011036659547
加賀	2	0.001098901098901099	2.6989700043360187	0.0029659011036659547
山岳	2	0.001098901098901099	2.6989700043360187	0.0029659011036659547
友好	2	0.001098901098901099	2.6989700043360187	0.0029659011036659547
市長	2	0.001098901098901099	2.6989700043360187	0.0029659011036659547
館	3	0.0016483516483516484	1.7958800173440752	0.002960241786830893
結果	3	0.0016483516483516484	1.7958800173440752	0.002960241786830893
部分	3	0.0016483516483516484	1.7958800173440752	0.002960241786830893
長	3	0.0016483516483516484	1.7695510786217261	0.0029168424372885593
議会	2	0.001098901098901099	2.5228787452803374	0.002772394225582788
野	2	0.001098901098901099	2.5228787452803374	0.002772394225582788
合流	2	0.001098901098901099	2.5228787452803374	0.002772394225582788
石川	2	0.001098901098901099	2.5228787452803374	0.002772394225582788
季節	2	0.001098901098901099	2.5228787452803374	0.002772394225582788
級	2	0.001098901098901099	2.5228787452803374	0.002772394225582788
跡	2	0.001098901098901099	2.5228787452803374	0.002772394225582788
敷島	2	0.001098901098901099	2.5228787452803374	0.002772394225582788
町長	2	0.001098901098901099	2.5228787452803374	0.002772394225582788
地点	2	0.001098901098901099	2.5228787452803374	0.002772394225582788
出身	3	0.0016483516483516484	1.6575773191777938	0.0027322703063370228
ため	4	0.002197802197802198	1.2291479883578558	0.0027014241502370455
一部	3	0.0016483516483516484	1.638272163982407	0.0027004486219490225
内	3	0.0016483516483516484	1.619788758288394	0.0026699814697061443
協議	2	0.001098901098901099	2.3979400086720375	0.0026350989106286127
社長	2	0.001098901098901099	2.3979400086720375	0.0026350989106286127
木材	2	0.001098901098901099	2.3979400086720375	0.0026350989106286127
市街地	2	0.001098901098901099	2.3979400086720375	0.0026350989106286127
武田	2	0.001098901098901099	2.3979400086720375	0.0026350989106286127
直後	2	0.001098901098901099	2.3979400086720375	0.0026350989106286127
東側	2	0.001098901098901099	2.3979400086720375	0.0026350989106286127
美	2	0.001098901098901099	2.3979400086720375	0.0026350989106286127
便	2	0.001098901098901099	2.3979400086720375	0.0026350989106286127
信	2	0.001098901098901099	2.3979400086720375	0.0026350989106286127
者	4	0.002197802197802198	1.1870866433571445	0.002608981633751966
日本	4	0.002197802197802198	1.1870866433571445	0.002608981633751966
中部	2	0.001098901098901099	2.3010299956639813	0.00252860439083954
都	2	0.001098901098901099	2.3010299956639813	0.00252860439083954
市場	2	0.001098901098901099	2.3010299956639813	0.00252860439083954
サッカー	2	0.001098901098901099	2.3010299956639813	0.00252860439083954
年齢	2	0.001098901098901099	2.3010299956639813	0.00252860439083954
運転	2	0.001098901098901099	2.3010299956639813	0.00252860439083954
戦後	2	0.001098901098901099	2.221848749616356	0.002441592032545446
北海道	2	0.001098901098901099	2.221848749616356	0.002441592032545446
字	2	0.001098901098901099	2.221848749616356	0.002441592032545446
沿い	2	0.001098901098901099	2.221848749616356	0.002441592032545446
豊	2	0.001098901098901099	2.221848749616356	0.002441592032545446
特別	2	0.001098901098901099	2.221848749616356	0.002441592032545446
街	2	0.001098901098901099	2.154901959985743	0.002368024131852465
姉妹	2	0.001098901098901099	2.154901959985743	0.002368024131852465
公園	2	0.001098901098901099	2.154901959985743	0.002368024131852465
以来	2	0.001098901098901099	2.154901959985743	0.002368024131852465
省	2	0.001098901098901099	2.154901959985743	0.002368024131852465
整備	2	0.001098901098901099	2.0969100130080562	0.0023042967175912706
プロ	2	0.001098901098901099	2.0969100130080562	0.0023042967175912706
野球	2	0.001098901098901099	2.0969100130080562	0.0023042967175912706
氏	2	0.001098901098901099	2.0969100130080562	0.0023042967175912706
決定	2	0.001098901098901099	2.0969100130080562	0.0023042967175912706
批判	2	0.001098901098901099	2.0969100130080562	0.0023042967175912706
テンプレート	2	0.001098901098901099	2.045757490560675	0.00224808515446228
アメリカ合衆国	2	0.001098901098901099	2.045757490560675	0.00224808515446228
点	2	0.001098901098901099	2.0	0.002197802197802198
沿革	2	0.001098901098901099	2.0	0.002197802197802198
高	2	0.001098901098901099	2.0	0.002197802197802198
子	2	0.001098901098901099	2.0	0.002197802197802198
自動車	2	0.001098901098901099	2.0	0.002197802197802198
計画	2	0.001098901098901099	2.0	0.002197802197802198
形成	2	0.001098901098901099	1.958607314841775	0.0021523157305953573
的	3	0.0016483516483516484	1.2924298239020637	0.0021303788306077974
方面	2	0.001098901098901099	1.9208187539523753	0.0021107898395081046
十	2	0.001098901098901099	1.9208187539523753	0.0021107898395081046
全国	2	0.001098901098901099	1.8860566476931633	0.0020725897227397397
教育	2	0.001098901098901099	1.8860566476931633	0.0020725897227397397
その他	2	0.001098901098901099	1.7695510786217261	0.0019445616248590398
東京	2	0.001098901098901099	1.744727494896694	0.0019172829614249385
一般	2	0.001098901098901099	1.7212463990471711	0.0018914795593924958
項目	3	0.0016483516483516484	1.1426675035687315	0.0018835178630253815
関連	3	0.0016483516483516484	1.1191864077192086	0.0018448127599767176
他	2	0.001098901098901099	1.638272163982407	0.0018002990812993483
会	2	0.001098901098901099	1.619788758288394	0.0017799876464707628
主	2	0.001098901098901099	1.6020599913279625	0.001760505484975783
脚注	2	0.001098901098901099	1.6020599913279625	0.001760505484975783
間	2	0.001098901098901099	1.5686362358410126	0.001723776083341772
地	2	0.001098901098901099	1.537602002101044	0.001689672529781367
号	2	0.001098901098901099	1.5228787452803376	0.0016734931266816897
等	2	0.001098901098901099	1.5086383061657274	0.0016578442924898103
家	2	0.001098901098901099	1.5086383061657274	0.0016578442924898103
出典	3	0.0016483516483516484	1.0	0.0016483516483516484
栄	1	5.494505494505495E-4	3.0	0.0016483516483516484
縄文	1	5.494505494505495E-4	3.0	0.0016483516483516484
光行	1	5.494505494505495E-4	3.0	0.0016483516483516484
様相	1	5.494505494505495E-4	3.0	0.0016483516483516484
鉱山	1	5.494505494505495E-4	3.0	0.0016483516483516484
裕二	1	5.494505494505495E-4	3.0	0.0016483516483516484
穴水	1	5.494505494505495E-4	3.0	0.0016483516483516484
マンモス	1	5.494505494505495E-4	3.0	0.0016483516483516484
塚	1	5.494505494505495E-4	3.0	0.0016483516483516484
東花輪	1	5.494505494505495E-4	3.0	0.0016483516483516484
自生	1	5.494505494505495E-4	3.0	0.0016483516483516484
あやめ	1	5.494505494505495E-4	3.0	0.0016483516483516484
構想	1	5.494505494505495E-4	3.0	0.0016483516483516484
昭和町	1	5.494505494505495E-4	3.0	0.0016483516483516484
山中湖	1	5.494505494505495E-4	3.0	0.0016483516483516484
石橋	1	5.494505494505495E-4	3.0	0.0016483516483516484
富士山	1	5.494505494505495E-4	3.0	0.0016483516483516484
甲府盆地	1	5.494505494505495E-4	3.0	0.0016483516483516484
高部	1	5.494505494505495E-4	3.0	0.0016483516483516484
庄園	1	5.494505494505495E-4	3.0	0.0016483516483516484
土屋	1	5.494505494505495E-4	3.0	0.0016483516483516484
往還	1	5.494505494505495E-4	3.0	0.0016483516483516484
奥州	1	5.494505494505495E-4	3.0	0.0016483516483516484
駒ヶ根	1	5.494505494505495E-4	3.0	0.0016483516483516484
長遠寺	1	5.494505494505495E-4	3.0	0.0016483516483516484
群落	1	5.494505494505495E-4	3.0	0.0016483516483516484
サクランボ	1	5.494505494505495E-4	3.0	0.0016483516483516484
ばなし	1	5.494505494505495E-4	3.0	0.0016483516483516484
末端	1	5.494505494505495E-4	3.0	0.0016483516483516484
湖沼	1	5.494505494505495E-4	3.0	0.0016483516483516484
車庫	1	5.494505494505495E-4	3.0	0.0016483516483516484
産出	1	5.494505494505495E-4	3.0	0.0016483516483516484
遺物	1	5.494505494505495E-4	3.0	0.0016483516483516484
ホッケー	1	5.494505494505495E-4	3.0	0.0016483516483516484
マイカー	1	5.494505494505495E-4	3.0	0.0016483516483516484
矢崎	1	5.494505494505495E-4	3.0	0.0016483516483516484
手前	1	5.494505494505495E-4	3.0	0.0016483516483516484
襲	1	5.494505494505495E-4	3.0	0.0016483516483516484
湛山	1	5.494505494505495E-4	3.0	0.0016483516483516484
貼付	1	5.494505494505495E-4	3.0	0.0016483516483516484
佑介	1	5.494505494505495E-4	3.0	0.0016483516483516484
旅人	1	5.494505494505495E-4	3.0	0.0016483516483516484
小菅	1	5.494505494505495E-4	3.0	0.0016483516483516484
重臣	1	5.494505494505495E-4	3.0	0.0016483516483516484
低地	1	5.494505494505495E-4	3.0	0.0016483516483516484
忠文	1	5.494505494505495E-4	3.0	0.0016483516483516484
津別	1	5.494505494505495E-4	3.0	0.0016483516483516484
物々交換	1	5.494505494505495E-4	3.0	0.0016483516483516484
次点	1	5.494505494505495E-4	3.0	0.0016483516483516484
大明	1	5.494505494505495E-4	3.0	0.0016483516483516484
塩崎	1	5.494505494505495E-4	3.0	0.0016483516483516484
改修	1	5.494505494505495E-4	3.0	0.0016483516483516484
景色	1	5.494505494505495E-4	3.0	0.0016483516483516484
五明	1	5.494505494505495E-4	3.0	0.0016483516483516484
道志	1	5.494505494505495E-4	3.0	0.0016483516483516484
駿	1	5.494505494505495E-4	3.0	0.0016483516483516484
舟運	1	5.494505494505495E-4	3.0	0.0016483516483516484
切子	1	5.494505494505495E-4	3.0	0.0016483516483516484
四方	1	5.494505494505495E-4	3.0	0.0016483516483516484
村松	1	5.494505494505495E-4	3.0	0.0016483516483516484
アサヨ峰	1	5.494505494505495E-4	3.0	0.0016483516483516484
便利	1	5.494505494505495E-4	3.0	0.0016483516483516484
大井	1	5.494505494505495E-4	3.0	0.0016483516483516484
改選	1	5.494505494505495E-4	3.0	0.0016483516483516484
出納	1	5.494505494505495E-4	3.0	0.0016483516483516484
牧	1	5.494505494505495E-4	3.0	0.0016483516483516484
四川	1	5.494505494505495E-4	3.0	0.0016483516483516484
ライチョウ	1	5.494505494505495E-4	3.0	0.0016483516483516484
鉱	1	5.494505494505495E-4	3.0	0.0016483516483516484
信虎	1	5.494505494505495E-4	3.0	0.0016483516483516484
株数	1	5.494505494505495E-4	3.0	0.0016483516483516484
雨降り	1	5.494505494505495E-4	3.0	0.0016483516483516484
ペンション	1	5.494505494505495E-4	3.0	0.0016483516483516484
真理子	1	5.494505494505495E-4	3.0	0.0016483516483516484
小太郎山	1	5.494505494505495E-4	3.0	0.0016483516483516484
紫色	1	5.494505494505495E-4	3.0	0.0016483516483516484
篠ノ井	1	5.494505494505495E-4	3.0	0.0016483516483516484
不在	1	5.494505494505495E-4	3.0	0.0016483516483516484
市川大門	1	5.494505494505495E-4	3.0	0.0016483516483516484
大月	1	5.494505494505495E-4	3.0	0.0016483516483516484
十日	1	5.494505494505495E-4	3.0	0.0016483516483516484
トロッコ	1	5.494505494505495E-4	3.0	0.0016483516483516484
わかば	1	5.494505494505495E-4	3.0	0.0016483516483516484
青柳	1	5.494505494505495E-4	3.0	0.0016483516483516484
流通	1	5.494505494505495E-4	3.0	0.0016483516483516484
冬期	1	5.494505494505495E-4	3.0	0.0016483516483516484
月夜	1	5.494505494505495E-4	3.0	0.0016483516483516484
昌枝	1	5.494505494505495E-4	3.0	0.0016483516483516484
法善寺	1	5.494505494505495E-4	3.0	0.0016483516483516484
清ら	1	5.494505494505495E-4	3.0	0.0016483516483516484
市部	1	5.494505494505495E-4	3.0	0.0016483516483516484
桂子	1	5.494505494505495E-4	3.0	0.0016483516483516484
秋山川	1	5.494505494505495E-4	3.0	0.0016483516483516484
鳳凰	1	5.494505494505495E-4	3.0	0.0016483516483516484
槍玉	1	5.494505494505495E-4	3.0	0.0016483516483516484
河口湖	1	5.494505494505495E-4	3.0	0.0016483516483516484
推計	1	5.494505494505495E-4	3.0	0.0016483516483516484
全域	1	5.494505494505495E-4	3.0	0.0016483516483516484
旱魃	1	5.494505494505495E-4	3.0	0.0016483516483516484
岩見沢	1	5.494505494505495E-4	3.0	0.0016483516483516484
林道	1	5.494505494505495E-4	3.0	0.0016483516483516484
忍野	1	5.494505494505495E-4	3.0	0.0016483516483516484
甲信越	1	5.494505494505495E-4	3.0	0.0016483516483516484
テレビ局	1	5.494505494505495E-4	3.0	0.0016483516483516484
南南西	1	5.494505494505495E-4	3.0	0.0016483516483516484
ムダ	1	5.494505494505495E-4	3.0	0.0016483516483516484
都留	1	5.494505494505495E-4	3.0	0.0016483516483516484
医学部	1	5.494505494505495E-4	3.0	0.0016483516483516484
環状	1	5.494505494505495E-4	3.0	0.0016483516483516484
北都留	1	5.494505494505495E-4	3.0	0.0016483516483516484
八ヶ岳	1	5.494505494505495E-4	3.0	0.0016483516483516484
竜王	1	5.494505494505495E-4	3.0	0.0016483516483516484
アヤメ	1	5.494505494505495E-4	3.0	0.0016483516483516484
加賀美	1	5.494505494505495E-4	3.0	0.0016483516483516484
山梨大学	1	5.494505494505495E-4	3.0	0.0016483516483516484
ことし	1	5.494505494505495E-4	3.0	0.0016483516483516484
モモ	1	5.494505494505495E-4	3.0	0.0016483516483516484
物見	1	5.494505494505495E-4	3.0	0.0016483516483516484
甲子	1	5.494505494505495E-4	3.0	0.0016483516483516484
北沢	1	5.494505494505495E-4	3.0	0.0016483516483516484
森林	1	5.494505494505495E-4	3.0	0.0016483516483516484
県議会	1	5.494505494505495E-4	3.0	0.0016483516483516484
出土	1	5.494505494505495E-4	3.0	0.0016483516483516484
十五所	1	5.494505494505495E-4	3.0	0.0016483516483516484
笛吹	1	5.494505494505495E-4	3.0	0.0016483516483516484
西市	1	5.494505494505495E-4	3.0	0.0016483516483516484
北岳	1	5.494505494505495E-4	3.0	0.0016483516483516484
水利	1	5.494505494505495E-4	3.0	0.0016483516483516484
立川	1	5.494505494505495E-4	3.0	0.0016483516483516484
増穂	1	5.494505494505495E-4	3.0	0.0016483516483516484
平岡	1	5.494505494505495E-4	3.0	0.0016483516483516484
北沢峠	1	5.494505494505495E-4	3.0	0.0016483516483516484
前方後円墳	1	5.494505494505495E-4	3.0	0.0016483516483516484
豊太郎	1	5.494505494505495E-4	3.0	0.0016483516483516484
地下	1	5.494505494505495E-4	3.0	0.0016483516483516484
在任	1	5.494505494505495E-4	3.0	0.0016483516483516484
南都留	1	5.494505494505495E-4	3.0	0.0016483516483516484
千頭星山	1	5.494505494505495E-4	3.0	0.0016483516483516484
峡	1	5.494505494505495E-4	3.0	0.0016483516483516484
開館	1	5.494505494505495E-4	3.0	0.0016483516483516484
二分	1	5.494505494505495E-4	3.0	0.0016483516483516484
高峰	1	5.494505494505495E-4	3.0	0.0016483516483516484
レーシングドライバー	1	5.494505494505495E-4	3.0	0.0016483516483516484
主将	1	5.494505494505495E-4	3.0	0.0016483516483516484
ビニール	1	5.494505494505495E-4	3.0	0.0016483516483516484
終戦	1	5.494505494505495E-4	3.0	0.0016483516483516484
俳人	1	5.494505494505495E-4	3.0	0.0016483516483516484
駒ケ岳	1	5.494505494505495E-4	3.0	0.0016483516483516484
三菱化学	1	5.494505494505495E-4	3.0	0.0016483516483516484
青色	1	5.494505494505495E-4	3.0	0.0016483516483516484
鏡中條	1	5.494505494505495E-4	3.0	0.0016483516483516484
浅利	1	5.494505494505495E-4	3.0	0.0016483516483516484
農鳥岳	1	5.494505494505495E-4	3.0	0.0016483516483516484
新山梨	1	5.494505494505495E-4	3.0	0.0016483516483516484
立ち消え	1	5.494505494505495E-4	3.0	0.0016483516483516484
筆頭	1	5.494505494505495E-4	3.0	0.0016483516483516484
花橋	1	5.494505494505495E-4	3.0	0.0016483516483516484
浸水	1	5.494505494505495E-4	3.0	0.0016483516483516484
藤本	1	5.494505494505495E-4	3.0	0.0016483516483516484
インターチェンジ	1	5.494505494505495E-4	3.0	0.0016483516483516484
ニューサウスウェールズ	1	5.494505494505495E-4	3.0	0.0016483516483516484
薬師	1	5.494505494505495E-4	3.0	0.0016483516483516484
観音岳	1	5.494505494505495E-4	3.0	0.0016483516483516484
白峰	1	5.494505494505495E-4	3.0	0.0016483516483516484
夜叉	1	5.494505494505495E-4	3.0	0.0016483516483516484
上野原	1	5.494505494505495E-4	3.0	0.0016483516483516484
緩やか	1	5.494505494505495E-4	3.0	0.0016483516483516484
楠原	1	5.494505494505495E-4	3.0	0.0016483516483516484
富士吉田	1	5.494505494505495E-4	3.0	0.0016483516483516484
決議	1	5.494505494505495E-4	3.0	0.0016483516483516484
鳴沢	1	5.494505494505495E-4	3.0	0.0016483516483516484
激減	1	5.494505494505495E-4	3.0	0.0016483516483516484
市議会	1	5.494505494505495E-4	3.0	0.0016483516483516484
新市	1	5.494505494505495E-4	3.0	0.0016483516483516484
陸路	1	5.494505494505495E-4	3.0	0.0016483516483516484
湧	1	5.494505494505495E-4	3.0	0.0016483516483516484
頼朝	1	5.494505494505495E-4	3.0	0.0016483516483516484
野牛島	1	5.494505494505495E-4	3.0	0.0016483516483516484
百田	1	5.494505494505495E-4	3.0	0.0016483516483516484
桃源郷	1	5.494505494505495E-4	3.0	0.0016483516483516484
庄	1	5.494505494505495E-4	3.0	0.0016483516483516484
金丸	1	5.494505494505495E-4	3.0	0.0016483516483516484
山系	1	5.494505494505495E-4	3.0	0.0016483516483516484
食害	1	5.494505494505495E-4	3.0	0.0016483516483516484
飯野	1	5.494505494505495E-4	3.0	0.0016483516483516484
芦沢	1	5.494505494505495E-4	3.0	0.0016483516483516484
ケミカル	1	5.494505494505495E-4	3.0	0.0016483516483516484
西桂	1	5.494505494505495E-4	3.0	0.0016483516483516484
曇	1	5.494505494505495E-4	3.0	0.0016483516483516484
往時	1	5.494505494505495E-4	3.0	0.0016483516483516484
始末	1	5.494505494505495E-4	3.0	0.0016483516483516484
中条	1	5.494505494505495E-4	3.0	0.0016483516483516484
光圀	1	5.494505494505495E-4	3.0	0.0016483516483516484
片道	1	5.494505494505495E-4	3.0	0.0016483516483516484
甲州	1	5.494505494505495E-4	3.0	0.0016483516483516484
優勢	1	5.494505494505495E-4	3.0	0.0016483516483516484
丹波山	1	5.494505494505495E-4	3.0	0.0016483516483516484
定住	1	5.494505494505495E-4	3.0	0.0016483516483516484
三菱	1	5.494505494505495E-4	3.0	0.0016483516483516484
大草	1	5.494505494505495E-4	3.0	0.0016483516483516484
無理	1	5.494505494505495E-4	3.0	0.0016483516483516484
今沢	1	5.494505494505495E-4	3.0	0.0016483516483516484
民意	1	5.494505494505495E-4	3.0	0.0016483516483516484
ホールディングス	1	5.494505494505495E-4	3.0	0.0016483516483516484
議決	1	5.494505494505495E-4	3.0	0.0016483516483516484
中込	1	5.494505494505495E-4	3.0	0.0016483516483516484
喜光	1	5.494505494505495E-4	3.0	0.0016483516483516484
若草南	1	5.494505494505495E-4	3.0	0.0016483516483516484
桑畑	1	5.494505494505495E-4	3.0	0.0016483516483516484
眺望	1	5.494505494505495E-4	3.0	0.0016483516483516484
地表	1	5.494505494505495E-4	3.0	0.0016483516483516484
岩盤	1	5.494505494505495E-4	3.0	0.0016483516483516484
鋳物師屋	1	5.494505494505495E-4	3.0	0.0016483516483516484
傾斜地	1	5.494505494505495E-4	3.0	0.0016483516483516484
水田	1	5.494505494505495E-4	3.0	0.0016483516483516484
落合	1	5.494505494505495E-4	3.0	0.0016483516483516484
三山	1	5.494505494505495E-4	3.0	0.0016483516483516484
歌舞伎座	1	5.494505494505495E-4	3.0	0.0016483516483516484
不透明	1	5.494505494505495E-4	3.0	0.0016483516483516484
前衛	1	5.494505494505495E-4	3.0	0.0016483516483516484
絶景	1	5.494505494505495E-4	3.0	0.0016483516483516484
裕一	1	5.494505494505495E-4	3.0	0.0016483516483516484
深澤	1	5.494505494505495E-4	3.0	0.0016483516483516484
矢	1	5.494505494505495E-4	3.0	0.0016483516483516484
夜叉神峠	1	5.494505494505495E-4	3.0	0.0016483516483516484
めい	1	5.494505494505495E-4	3.0	0.0016483516483516484
一	2	0.001098901098901099	1.3665315444204136	0.0015016830158466083
中	2	0.001098901098901099	1.3665315444204136	0.0015016830158466083
西小学校	1	5.494505494505495E-4	2.6989700043360187	0.0014829505518329773
総理	1	5.494505494505495E-4	2.6989700043360187	0.0014829505518329773
首相	1	5.494505494505495E-4	2.6989700043360187	0.0014829505518329773
桃	1	5.494505494505495E-4	2.6989700043360187	0.0014829505518329773
ピンク色	1	5.494505494505495E-4	2.6989700043360187	0.0014829505518329773
遺構	1	5.494505494505495E-4	2.6989700043360187	0.0014829505518329773
魔女	1	5.494505494505495E-4	2.6989700043360187	0.0014829505518329773
姿勢	1	5.494505494505495E-4	2.6989700043360187	0.0014829505518329773
郷	1	5.494505494505495E-4	2.6989700043360187	0.0014829505518329773
供給	1	5.494505494505495E-4	2.6989700043360187	0.0014829505518329773
えみ	1	5.494505494505495E-4	2.6989700043360187	0.0014829505518329773
ループ	1	5.494505494505495E-4	2.6989700043360187	0.0014829505518329773
古墳	1	5.494505494505495E-4	2.6989700043360187	0.0014829505518329773
水位	1	5.494505494505495E-4	2.6989700043360187	0.0014829505518329773
赤色	1	5.494505494505495E-4	2.6989700043360187	0.0014829505518329773
追記	1	5.494505494505495E-4	2.6989700043360187	0.0014829505518329773
山々	1	5.494505494505495E-4	2.6989700043360187	0.0014829505518329773
井川	1	5.494505494505495E-4	2.6989700043360187	0.0014829505518329773
双葉	1	5.494505494505495E-4	2.6989700043360187	0.0014829505518329773
商店	1	5.494505494505495E-4	2.6989700043360187	0.0014829505518329773
タワー	1	5.494505494505495E-4	2.6989700043360187	0.0014829505518329773
銅	1	5.494505494505495E-4	2.6989700043360187	0.0014829505518329773
玄関	1	5.494505494505495E-4	2.6989700043360187	0.0014829505518329773
資源	1	5.494505494505495E-4	2.6989700043360187	0.0014829505518329773
街道	1	5.494505494505495E-4	2.6989700043360187	0.0014829505518329773
端	1	5.494505494505495E-4	2.6989700043360187	0.0014829505518329773
支所	1	5.494505494505495E-4	2.6989700043360187	0.0014829505518329773
しら	1	5.494505494505495E-4	2.6989700043360187	0.0014829505518329773
人造湖	1	5.494505494505495E-4	2.6989700043360187	0.0014829505518329773
貴重	1	5.494505494505495E-4	2.6989700043360187	0.0014829505518329773
幸次	1	5.494505494505495E-4	2.6989700043360187	0.0014829505518329773
密度	1	5.494505494505495E-4	2.6989700043360187	0.0014829505518329773
国勢調査	1	5.494505494505495E-4	2.6989700043360187	0.0014829505518329773
特有	1	5.494505494505495E-4	2.6989700043360187	0.0014829505518329773
宿	1	5.494505494505495E-4	2.6989700043360187	0.0014829505518329773
インター	1	5.494505494505495E-4	2.6989700043360187	0.0014829505518329773
旅館	1	5.494505494505495E-4	2.6989700043360187	0.0014829505518329773
中沢	1	5.494505494505495E-4	2.6989700043360187	0.0014829505518329773
プロレス	1	5.494505494505495E-4	2.6989700043360187	0.0014829505518329773
特例	1	5.494505494505495E-4	2.6989700043360187	0.0014829505518329773
居	1	5.494505494505495E-4	2.6989700043360187	0.0014829505518329773
洪水	1	5.494505494505495E-4	2.6989700043360187	0.0014829505518329773
標識	1	5.494505494505495E-4	2.6989700043360187	0.0014829505518329773
面影	1	5.494505494505495E-4	2.6989700043360187	0.0014829505518329773
宿場	1	5.494505494505495E-4	2.6989700043360187	0.0014829505518329773
葵	1	5.494505494505495E-4	2.6989700043360187	0.0014829505518329773
高山	1	5.494505494505495E-4	2.6989700043360187	0.0014829505518329773
団地	1	5.494505494505495E-4	2.6989700043360187	0.0014829505518329773
林業	1	5.494505494505495E-4	2.6989700043360187	0.0014829505518329773
哲学	1	5.494505494505495E-4	2.6989700043360187	0.0014829505518329773
峠	1	5.494505494505495E-4	2.6989700043360187	0.0014829505518329773
峰	1	5.494505494505495E-4	2.6989700043360187	0.0014829505518329773
内藤	1	5.494505494505495E-4	2.6989700043360187	0.0014829505518329773
定数	1	5.494505494505495E-4	2.6989700043360187	0.0014829505518329773
境界	1	5.494505494505495E-4	2.6989700043360187	0.0014829505518329773
ポイント	1	5.494505494505495E-4	2.6989700043360187	0.0014829505518329773
運搬	1	5.494505494505495E-4	2.6989700043360187	0.0014829505518329773
ハウス	1	5.494505494505495E-4	2.6989700043360187	0.0014829505518329773
山容	1	5.494505494505495E-4	2.6989700043360187	0.0014829505518329773
なん	1	5.494505494505495E-4	2.6989700043360187	0.0014829505518329773
中世	1	5.494505494505495E-4	2.6989700043360187	0.0014829505518329773
開	1	5.494505494505495E-4	2.6989700043360187	0.0014829505518329773
盛大	1	5.494505494505495E-4	2.6989700043360187	0.0014829505518329773
ゼンリン	1	5.494505494505495E-4	2.6989700043360187	0.0014829505518329773
最寄り駅	1	5.494505494505495E-4	2.6989700043360187	0.0014829505518329773
頂上	1	5.494505494505495E-4	2.6989700043360187	0.0014829505518329773
伸二	1	5.494505494505495E-4	2.6989700043360187	0.0014829505518329773
各所	1	5.494505494505495E-4	2.6989700043360187	0.0014829505518329773
ウインター	1	5.494505494505495E-4	2.6989700043360187	0.0014829505518329773
複雑	1	5.494505494505495E-4	2.6989700043360187	0.0014829505518329773
雄	1	5.494505494505495E-4	2.6989700043360187	0.0014829505518329773
分校	1	5.494505494505495E-4	2.6989700043360187	0.0014829505518329773
養蚕	1	5.494505494505495E-4	2.6989700043360187	0.0014829505518329773
マニュアル	1	5.494505494505495E-4	2.6989700043360187	0.0014829505518329773
固有	1	5.494505494505495E-4	2.6989700043360187	0.0014829505518329773
水系	1	5.494505494505495E-4	2.6989700043360187	0.0014829505518329773
余	1	5.494505494505495E-4	2.6989700043360187	0.0014829505518329773
源氏	1	5.494505494505495E-4	2.6989700043360187	0.0014829505518329773
逆転	1	5.494505494505495E-4	2.6989700043360187	0.0014829505518329773
倉庫	1	5.494505494505495E-4	2.6989700043360187	0.0014829505518329773
香織	1	5.494505494505495E-4	2.6989700043360187	0.0014829505518329773
タコ	1	5.494505494505495E-4	2.6989700043360187	0.0014829505518329773
タグ	1	5.494505494505495E-4	2.6989700043360187	0.0014829505518329773
田園	1	5.494505494505495E-4	2.6989700043360187	0.0014829505518329773
もの	2	0.001098901098901099	1.3279021420642825	0.0014592331231475632
建造	1	5.494505494505495E-4	2.5228787452803374	0.001386197112791394
賛成	1	5.494505494505495E-4	2.5228787452803374	0.001386197112791394
号線	1	5.494505494505495E-4	2.5228787452803374	0.001386197112791394
横断	1	5.494505494505495E-4	2.5228787452803374	0.001386197112791394
駅前	1	5.494505494505495E-4	2.5228787452803374	0.001386197112791394
祖	1	5.494505494505495E-4	2.5228787452803374	0.001386197112791394
千葉	1	5.494505494505495E-4	2.5228787452803374	0.001386197112791394
自主	1	5.494505494505495E-4	2.5228787452803374	0.001386197112791394
実業	1	5.494505494505495E-4	2.5228787452803374	0.001386197112791394
山頂	1	5.494505494505495E-4	2.5228787452803374	0.001386197112791394
初頭	1	5.494505494505495E-4	2.5228787452803374	0.001386197112791394
不満	1	5.494505494505495E-4	2.5228787452803374	0.001386197112791394
大雨	1	5.494505494505495E-4	2.5228787452803374	0.001386197112791394
復活	1	5.494505494505495E-4	2.5228787452803374	0.001386197112791394
植物	1	5.494505494505495E-4	2.5228787452803374	0.001386197112791394
広大	1	5.494505494505495E-4	2.5228787452803374	0.001386197112791394
軌道	1	5.494505494505495E-4	2.5228787452803374	0.001386197112791394
通行	1	5.494505494505495E-4	2.5228787452803374	0.001386197112791394
町内	1	5.494505494505495E-4	2.5228787452803374	0.001386197112791394
改訂	1	5.494505494505495E-4	2.5228787452803374	0.001386197112791394
中華人民共和国	1	5.494505494505495E-4	2.5228787452803374	0.001386197112791394
勢力	1	5.494505494505495E-4	2.5228787452803374	0.001386197112791394
県内	1	5.494505494505495E-4	2.5228787452803374	0.001386197112791394
西方	1	5.494505494505495E-4	2.5228787452803374	0.001386197112791394
リング	1	5.494505494505495E-4	2.5228787452803374	0.001386197112791394
発掘	1	5.494505494505495E-4	2.5228787452803374	0.001386197112791394
江	1	5.494505494505495E-4	2.5228787452803374	0.001386197112791394
江戸城	1	5.494505494505495E-4	2.5228787452803374	0.001386197112791394
紀	1	5.494505494505495E-4	2.5228787452803374	0.001386197112791394
秩父	1	5.494505494505495E-4	2.5228787452803374	0.001386197112791394
ローカル	1	5.494505494505495E-4	2.5228787452803374	0.001386197112791394
福田	1	5.494505494505495E-4	2.5228787452803374	0.001386197112791394
公共	1	5.494505494505495E-4	2.5228787452803374	0.001386197112791394
予定	1	5.494505494505495E-4	2.5228787452803374	0.001386197112791394
基盤	1	5.494505494505495E-4	2.5228787452803374	0.001386197112791394
富士	1	5.494505494505495E-4	2.5228787452803374	0.001386197112791394
番目	1	5.494505494505495E-4	2.5228787452803374	0.001386197112791394
シカ	1	5.494505494505495E-4	2.5228787452803374	0.001386197112791394
セット	1	5.494505494505495E-4	2.5228787452803374	0.001386197112791394
総務	1	5.494505494505495E-4	2.5228787452803374	0.001386197112791394
仲	1	5.494505494505495E-4	2.5228787452803374	0.001386197112791394
伝承	1	5.494505494505495E-4	2.5228787452803374	0.001386197112791394
真	1	5.494505494505495E-4	2.5228787452803374	0.001386197112791394
閉鎖	1	5.494505494505495E-4	2.5228787452803374	0.001386197112791394
市町村	1	5.494505494505495E-4	2.5228787452803374	0.001386197112791394
パーソナリティ	1	5.494505494505495E-4	2.5228787452803374	0.001386197112791394
一族	1	5.494505494505495E-4	2.5228787452803374	0.001386197112791394
解散	1	5.494505494505495E-4	2.5228787452803374	0.001386197112791394
コード	1	5.494505494505495E-4	2.5228787452803374	0.001386197112791394
後	2	0.001098901098901099	1.2596373105057561	0.0013842168247316
聖	1	5.494505494505495E-4	2.3979400086720375	0.0013175494553143063
敷地	1	5.494505494505495E-4	2.3979400086720375	0.0013175494553143063
発信	1	5.494505494505495E-4	2.3979400086720375	0.0013175494553143063
豊富	1	5.494505494505495E-4	2.3979400086720375	0.0013175494553143063
ロ	1	5.494505494505495E-4	2.3979400086720375	0.0013175494553143063
学者	1	5.494505494505495E-4	2.3979400086720375	0.0013175494553143063
重視	1	5.494505494505495E-4	2.3979400086720375	0.0013175494553143063
選挙	1	5.494505494505495E-4	2.3979400086720375	0.0013175494553143063
正確	1	5.494505494505495E-4	2.3979400086720375	0.0013175494553143063
拠点	1	5.494505494505495E-4	2.3979400086720375	0.0013175494553143063
男性	1	5.494505494505495E-4	2.3979400086720375	0.0013175494553143063
発祥	1	5.494505494505495E-4	2.3979400086720375	0.0013175494553143063
報告	1	5.494505494505495E-4	2.3979400086720375	0.0013175494553143063
生母	1	5.494505494505495E-4	2.3979400086720375	0.0013175494553143063
南北	1	5.494505494505495E-4	2.3979400086720375	0.0013175494553143063
過程	1	5.494505494505495E-4	2.3979400086720375	0.0013175494553143063
中小	1	5.494505494505495E-4	2.3979400086720375	0.0013175494553143063
オーストラリア	1	5.494505494505495E-4	2.3979400086720375	0.0013175494553143063
反映	1	5.494505494505495E-4	2.3979400086720375	0.0013175494553143063
開通	1	5.494505494505495E-4	2.3979400086720375	0.0013175494553143063
増加	1	5.494505494505495E-4	2.3979400086720375	0.0013175494553143063
市立	1	5.494505494505495E-4	2.3979400086720375	0.0013175494553143063
在住	1	5.494505494505495E-4	2.3979400086720375	0.0013175494553143063
飛行場	1	5.494505494505495E-4	2.3979400086720375	0.0013175494553143063
著作	1	5.494505494505495E-4	2.3979400086720375	0.0013175494553143063
清	1	5.494505494505495E-4	2.3979400086720375	0.0013175494553143063
関東	1	5.494505494505495E-4	2.3979400086720375	0.0013175494553143063
一時期	1	5.494505494505495E-4	2.3979400086720375	0.0013175494553143063
組み合わせ	1	5.494505494505495E-4	2.3979400086720375	0.0013175494553143063
緑色	1	5.494505494505495E-4	2.3979400086720375	0.0013175494553143063
ぶり	1	5.494505494505495E-4	2.3979400086720375	0.0013175494553143063
番地	1	5.494505494505495E-4	2.3979400086720375	0.0013175494553143063
注目	1	5.494505494505495E-4	2.3979400086720375	0.0013175494553143063
東部	1	5.494505494505495E-4	2.3979400086720375	0.0013175494553143063
俳優	1	5.494505494505495E-4	2.3979400086720375	0.0013175494553143063
国土	1	5.494505494505495E-4	2.3979400086720375	0.0013175494553143063
由来	1	5.494505494505495E-4	2.3010299956639813	0.00126430219541977
活発	1	5.494505494505495E-4	2.3010299956639813	0.00126430219541977
確認	1	5.494505494505495E-4	2.3010299956639813	0.00126430219541977
ページ	1	5.494505494505495E-4	2.3010299956639813	0.00126430219541977
都道府県	1	5.494505494505495E-4	2.3010299956639813	0.00126430219541977
福祉	1	5.494505494505495E-4	2.3010299956639813	0.00126430219541977
わけ	1	5.494505494505495E-4	2.3010299956639813	0.00126430219541977
伝統	1	5.494505494505495E-4	2.3010299956639813	0.00126430219541977
違い	1	5.494505494505495E-4	2.3010299956639813	0.00126430219541977
成立	1	5.494505494505495E-4	2.3010299956639813	0.00126430219541977
トンネル	1	5.494505494505495E-4	2.3010299956639813	0.00126430219541977
男女	1	5.494505494505495E-4	2.3010299956639813	0.00126430219541977
徳島	1	5.494505494505495E-4	2.3010299956639813	0.00126430219541977
ピーク	1	5.494505494505495E-4	2.3010299956639813	0.00126430219541977
口	1	5.494505494505495E-4	2.3010299956639813	0.00126430219541977
小	1	5.494505494505495E-4	2.3010299956639813	0.00126430219541977
鳥	1	5.494505494505495E-4	2.3010299956639813	0.00126430219541977
連邦	1	5.494505494505495E-4	2.3010299956639813	0.00126430219541977
文	1	5.494505494505495E-4	2.3010299956639813	0.00126430219541977
快速	1	5.494505494505495E-4	2.3010299956639813	0.00126430219541977
丘	1	5.494505494505495E-4	2.3010299956639813	0.00126430219541977
報道	1	5.494505494505495E-4	2.3010299956639813	0.00126430219541977
西側	1	5.494505494505495E-4	2.3010299956639813	0.00126430219541977
入口	1	5.494505494505495E-4	2.3010299956639813	0.00126430219541977
土	1	5.494505494505495E-4	2.3010299956639813	0.00126430219541977
古代	1	5.494505494505495E-4	2.3010299956639813	0.00126430219541977
大名	1	5.494505494505495E-4	2.3010299956639813	0.00126430219541977
市営	1	5.494505494505495E-4	2.3010299956639813	0.00126430219541977
地元	1	5.494505494505495E-4	2.221848749616356	0.001220796016272723
被害	1	5.494505494505495E-4	2.221848749616356	0.001220796016272723
途中	1	5.494505494505495E-4	2.221848749616356	0.001220796016272723
付属	1	5.494505494505495E-4	2.221848749616356	0.001220796016272723
産業	1	5.494505494505495E-4	2.221848749616356	0.001220796016272723
北部	1	5.494505494505495E-4	2.221848749616356	0.001220796016272723
声	1	5.494505494505495E-4	2.221848749616356	0.001220796016272723
外	1	5.494505494505495E-4	2.221848749616356	0.001220796016272723
運行	1	5.494505494505495E-4	2.221848749616356	0.001220796016272723
従来	1	5.494505494505495E-4	2.221848749616356	0.001220796016272723
規制	1	5.494505494505495E-4	2.221848749616356	0.001220796016272723
統計	1	5.494505494505495E-4	2.221848749616356	0.001220796016272723
夫人	1	5.494505494505495E-4	2.221848749616356	0.001220796016272723
官	1	5.494505494505495E-4	2.221848749616356	0.001220796016272723
温泉	1	5.494505494505495E-4	2.221848749616356	0.001220796016272723
沖縄	1	5.494505494505495E-4	2.221848749616356	0.001220796016272723
品	1	5.494505494505495E-4	2.221848749616356	0.001220796016272723
徒歩	1	5.494505494505495E-4	2.221848749616356	0.001220796016272723
中期	1	5.494505494505495E-4	2.221848749616356	0.001220796016272723
唯一	1	5.494505494505495E-4	2.221848749616356	0.001220796016272723
今	1	5.494505494505495E-4	2.221848749616356	0.001220796016272723
安全	1	5.494505494505495E-4	2.221848749616356	0.001220796016272723
木	1	5.494505494505495E-4	2.221848749616356	0.001220796016272723
列車	1	5.494505494505495E-4	2.221848749616356	0.001220796016272723
初代	1	5.494505494505495E-4	2.154901959985743	0.0011840120659262325
規格	1	5.494505494505495E-4	2.154901959985743	0.0011840120659262325
ノート	1	5.494505494505495E-4	2.154901959985743	0.0011840120659262325
限り	1	5.494505494505495E-4	2.154901959985743	0.0011840120659262325
少年	1	5.494505494505495E-4	2.154901959985743	0.0011840120659262325
解説	1	5.494505494505495E-4	2.154901959985743	0.0011840120659262325
過去	1	5.494505494505495E-4	2.154901959985743	0.0011840120659262325
航空	1	5.494505494505495E-4	2.154901959985743	0.0011840120659262325
七	1	5.494505494505495E-4	2.154901959985743	0.0011840120659262325
市民	1	5.494505494505495E-4	2.154901959985743	0.0011840120659262325
保存	1	5.494505494505495E-4	2.154901959985743	0.0011840120659262325
面積	1	5.494505494505495E-4	2.154901959985743	0.0011840120659262325
シーズン	1	5.494505494505495E-4	2.154901959985743	0.0011840120659262325
農業	1	5.494505494505495E-4	2.154901959985743	0.0011840120659262325
高速	1	5.494505494505495E-4	2.0969100130080562	0.0011521483587956353
妻	1	5.494505494505495E-4	2.0969100130080562	0.0011521483587956353
最大	1	5.494505494505495E-4	2.0969100130080562	0.0011521483587956353
直接	1	5.494505494505495E-4	2.0969100130080562	0.0011521483587956353
国立	1	5.494505494505495E-4	2.0969100130080562	0.0011521483587956353
毎年	1	5.494505494505495E-4	2.0969100130080562	0.0011521483587956353
小林	1	5.494505494505495E-4	2.0969100130080562	0.0011521483587956353
設計	1	5.494505494505495E-4	2.0969100130080562	0.0011521483587956353
委員	1	5.494505494505495E-4	2.0969100130080562	0.0011521483587956353
大戦	1	5.494505494505495E-4	2.0969100130080562	0.0011521483587956353
観光	1	5.494505494505495E-4	2.0969100130080562	0.0011521483587956353
困難	1	5.494505494505495E-4	2.0969100130080562	0.0011521483587956353
院	1	5.494505494505495E-4	2.0969100130080562	0.0011521483587956353
例	1	5.494505494505495E-4	2.0969100130080562	0.0011521483587956353
場所	1	5.494505494505495E-4	2.045757490560675	0.00112404257723114
期間	1	5.494505494505495E-4	2.045757490560675	0.00112404257723114
アクセス	1	5.494505494505495E-4	2.045757490560675	0.00112404257723114
付近	1	5.494505494505495E-4	2.045757490560675	0.00112404257723114
団体	1	5.494505494505495E-4	2.045757490560675	0.00112404257723114
有名	1	5.494505494505495E-4	2.045757490560675	0.00112404257723114
隊	1	5.494505494505495E-4	2.045757490560675	0.00112404257723114
期	1	5.494505494505495E-4	2.045757490560675	0.00112404257723114
完全	1	5.494505494505495E-4	2.045757490560675	0.00112404257723114
名称	1	5.494505494505495E-4	2.045757490560675	0.00112404257723114
カテゴリ	2	0.001098901098901099	1.00436480540245	0.0011036975883543408
様々	1	5.494505494505495E-4	2.0	0.001098901098901099
ラジオ	1	5.494505494505495E-4	2.0	0.001098901098901099
神	1	5.494505494505495E-4	2.0	0.001098901098901099
世紀	1	5.494505494505495E-4	2.0	0.001098901098901099
開発	1	5.494505494505495E-4	2.0	0.001098901098901099
調査	1	5.494505494505495E-4	2.0	0.001098901098901099
構造	1	5.494505494505495E-4	2.0	0.001098901098901099
戦争	1	5.494505494505495E-4	1.958607314841775	0.0010761578652976787
サイト	1	5.494505494505495E-4	1.958607314841775	0.0010761578652976787
発展	1	5.494505494505495E-4	1.958607314841775	0.0010761578652976787
保護	1	5.494505494505495E-4	1.958607314841775	0.0010761578652976787
東	1	5.494505494505495E-4	1.958607314841775	0.0010761578652976787
明治	1	5.494505494505495E-4	1.9208187539523753	0.0010553949197540523
為	1	5.494505494505495E-4	1.9208187539523753	0.0010553949197540523
規模	1	5.494505494505495E-4	1.9208187539523753	0.0010553949197540523
花	1	5.494505494505495E-4	1.9208187539523753	0.0010553949197540523
金	1	5.494505494505495E-4	1.8860566476931633	0.0010362948613698698
放送	1	5.494505494505495E-4	1.8860566476931633	0.0010362948613698698
事業	1	5.494505494505495E-4	1.8860566476931633	0.0010362948613698698
廃止	1	5.494505494505495E-4	1.8860566476931633	0.0010362948613698698
代	1	5.494505494505495E-4	1.8860566476931633	0.0010362948613698698
位置	1	5.494505494505495E-4	1.853871964321762	0.0010186109694075615
種	1	5.494505494505495E-4	1.853871964321762	0.0010186109694075615
番組	1	5.494505494505495E-4	1.853871964321762	0.0010186109694075615
女性	1	5.494505494505495E-4	1.853871964321762	0.0010186109694075615
担当	1	5.494505494505495E-4	1.853871964321762	0.0010186109694075615
多数	1	5.494505494505495E-4	1.853871964321762	0.0010186109694075615
法	1	5.494505494505495E-4	1.8239087409443187	0.0010021476598595157
所在地	1	5.494505494505495E-4	1.8239087409443187	0.0010021476598595157
事	1	5.494505494505495E-4	1.8239087409443187	0.0010021476598595157
以外	1	5.494505494505495E-4	1.8239087409443187	0.0010021476598595157
名前	1	5.494505494505495E-4	1.8239087409443187	0.0010021476598595157
多く	1	5.494505494505495E-4	1.7958800173440752	9.867472622769643E-4
設置	1	5.494505494505495E-4	1.7958800173440752	9.867472622769643E-4
機関	1	5.494505494505495E-4	1.7958800173440752	9.867472622769643E-4
社会	1	5.494505494505495E-4	1.7695510786217261	9.722808124295199E-4
万	1	5.494505494505495E-4	1.7695510786217261	9.722808124295199E-4
下	1	5.494505494505495E-4	1.7695510786217261	9.722808124295199E-4
中心	1	5.494505494505495E-4	1.7695510786217261	9.722808124295199E-4
型	1	5.494505494505495E-4	1.744727494896694	9.586414807124693E-4
さ	1	5.494505494505495E-4	1.7212463990471711	9.457397796962479E-4
局	1	5.494505494505495E-4	1.7212463990471711	9.457397796962479E-4
可能	1	5.494505494505495E-4	1.6989700043360187	9.335000023824279E-4
際	1	5.494505494505495E-4	1.6777807052660807	9.218575303659785E-4
当時	1	5.494505494505495E-4	1.6575773191777938	9.107567687790076E-4
次	1	5.494505494505495E-4	1.6575773191777938	9.107567687790076E-4
必要	1	5.494505494505495E-4	1.638272163982407	9.001495406496742E-4
前	1	5.494505494505495E-4	1.585026652029182	8.70893764851199E-4
関係	1	5.494505494505495E-4	1.585026652029182	8.70893764851199E-4
時間	1	5.494505494505495E-4	1.585026652029182	8.70893764851199E-4
世界	1	5.494505494505495E-4	1.5686362358410126	8.61888041670886E-4
場合	1	5.494505494505495E-4	1.5528419686577808	8.532098728888906E-4
国	1	5.494505494505495E-4	1.5528419686577808	8.532098728888906E-4
化	1	5.494505494505495E-4	1.537602002101044	8.448362648906835E-4
それ	1	5.494505494505495E-4	1.5228787452803376	8.367465633408449E-4
上	1	5.494505494505495E-4	1.5228787452803376	8.367465633408449E-4
歴	1	5.494505494505495E-4	1.5086383061657274	8.289221462449051E-4
時	1	5.494505494505495E-4	1.5086383061657274	8.289221462449051E-4
二	1	5.494505494505495E-4	1.4814860601221125	8.140033297374244E-4
使用	1	5.494505494505495E-4	1.4685210829577449	8.068797159108489E-4
記事	1	5.494505494505495E-4	1.4685210829577449	8.068797159108489E-4
の	1	5.494505494505495E-4	1.3767507096020997	7.564564338473075E-4
話	1	5.494505494505495E-4	1.3565473235138126	7.453556722603365E-4
表	1	5.494505494505495E-4	1.3467874862246563	7.399931242992617E-4
・	1	5.494505494505495E-4	1.337242168318426	7.347484441310033E-4
編	1	5.494505494505495E-4	1.3279021420642825	7.296165615737816E-4
外部	1	5.494505494505495E-4	1.3098039199714864	7.196724835008167E-4
リンク	1	5.494505494505495E-4	1.2839966563652008	7.054926683325279E-4
目次	1	5.494505494505495E-4	1.1426675035687315	6.278392876751271E-4
表示	1	5.494505494505495E-4	1.1426675035687315	6.278392876751271E-4
作成	1	5.494505494505495E-4	1.00436480540245	5.518487941771704E-4
移動	1	5.494505494505495E-4	1.0	5.494505494505495E-4
百科	1	5.494505494505495E-4	1.0	5.494505494505495E-4
事典	1	5.494505494505495E-4	1.0	5.494505494505495E-4
フリー	1	5.494505494505495E-4	1.0	5.494505494505495E-4
検索	1	5.494505494505495E-4	1.0	5.494505494505495E-4
