#語	出現回数	TF	IDF	TF-IDF	
上田	15	0.061224489795918366	2.6989700043360187	0.16524306148996032
市立	10	0.04081632653061224	2.3979400086720375	0.09787510239477704
中学校	10	0.04081632653061224	2.045757490560675	0.08350030573717039
学校	11	0.044897959183673466	1.7695510786217261	0.07944923210138362
目標	4	0.0163265306122449	2.6989700043360187	0.04406481639732276
小学校	5	0.02040816326530612	1.958607314841775	0.039971577853913774
学区	3	0.012244897959183673	3.0	0.03673469387755102
地区	4	0.0163265306122449	2.0969100130080562	0.034235265518498884
長野	4	0.0163265306122449	2.045757490560675	0.03340012229486816
公立	3	0.012244897959183673	2.6989700043360187	0.03304861229799207
開校	3	0.012244897959183673	2.6989700043360187	0.03304861229799207
三	5	0.02040816326530612	1.6020599913279625	0.032695101863835965
市	5	0.02040816326530612	1.5228787452803376	0.031079158066945663
年	7	0.02857142857142857	1.0409586076789064	0.029741674505111608
エコ	2	0.00816326530612245	3.0	0.02448979591836735
学期	2	0.00816326530612245	3.0	0.02448979591836735
ユーザー	2	0.00816326530612245	3.0	0.02448979591836735
県	4	0.0163265306122449	1.431798275933005	0.023376298382579676
北	3	0.012244897959183673	1.8860566476931633	0.023094571196242815
校舎	2	0.00816326530612245	2.6989700043360187	0.02203240819866138
共学	2	0.00816326530612245	2.6989700043360187	0.02203240819866138
自主	2	0.00816326530612245	2.5228787452803374	0.020594928532900715
単独	2	0.00816326530612245	2.5228787452803374	0.020594928532900715
解除	2	0.00816326530612245	2.5228787452803374	0.020594928532900715
卒業生	2	0.00816326530612245	2.3979400086720375	0.01957502047895541
以来	2	0.00816326530612245	2.154901959985743	0.017591036408046885
沿革	2	0.00816326530612245	2.0	0.0163265306122449
外部	3	0.012244897959183673	1.3098039199714864	0.01603841534658963
保護	2	0.00816326530612245	1.958607314841775	0.015988631141565512
リンク	3	0.012244897959183673	1.2839966563652008	0.015722408037124908
設置	2	0.00816326530612245	1.7958800173440752	0.014660245039543473
さ	2	0.00816326530612245	1.7212463990471711	0.01405099101262997
概要	2	0.00816326530612245	1.638272163982407	0.013373650318223731
性	2	0.00816326530612245	1.5228787452803376	0.012431663226778267
清掃	1	0.004081632653061225	3.0	0.012244897959183675
キャップ	1	0.004081632653061225	3.0	0.012244897959183675
歌声	1	0.004081632653061225	3.0	0.012244897959183675
故旧	1	0.004081632653061225	3.0	0.012244897959183675
除幕	1	0.004081632653061225	3.0	0.012244897959183675
川原	1	0.004081632653061225	3.0	0.012244897959183675
具現	1	0.004081632653061225	3.0	0.012244897959183675
不変	1	0.004081632653061225	3.0	0.012244897959183675
中央北	1	0.004081632653061225	3.0	0.012244897959183675
国公私立	1	0.004081632653061225	3.0	0.012244897959183675
ミュージシャン	1	0.004081632653061225	3.0	0.012244897959183675
勝三郎	1	0.004081632653061225	3.0	0.012244897959183675
読書	1	0.004081632653061225	3.0	0.012244897959183675
中	2	0.00816326530612245	1.3665315444204136	0.011155359546289092
りつ	1	0.004081632653061225	2.6989700043360187	0.01101620409933069
校訓	1	0.004081632653061225	2.6989700043360187	0.01101620409933069
北東	1	0.004081632653061225	2.6989700043360187	0.01101620409933069
集中	1	0.004081632653061225	2.6989700043360187	0.01101620409933069
講演	1	0.004081632653061225	2.6989700043360187	0.01101620409933069
併設	1	0.004081632653061225	2.6989700043360187	0.01101620409933069
挨拶	1	0.004081632653061225	2.6989700043360187	0.01101620409933069
胸像	1	0.004081632653061225	2.6989700043360187	0.01101620409933069
先生	1	0.004081632653061225	2.6989700043360187	0.01101620409933069
モットー	1	0.004081632653061225	2.6989700043360187	0.01101620409933069
スクール	1	0.004081632653061225	2.6989700043360187	0.01101620409933069
現在地	1	0.004081632653061225	2.5228787452803374	0.010297464266450358
方針	1	0.004081632653061225	2.5228787452803374	0.010297464266450358
体育館	1	0.004081632653061225	2.5228787452803374	0.010297464266450358
ステージ	1	0.004081632653061225	2.5228787452803374	0.010297464266450358
新規	1	0.004081632653061225	2.5228787452803374	0.010297464266450358
だい	1	0.004081632653061225	2.5228787452803374	0.010297464266450358
柳	1	0.004081632653061225	2.5228787452803374	0.010297464266450358
登録	1	0.004081632653061225	2.3979400086720375	0.009787510239477704
学習	1	0.004081632653061225	2.3979400086720375	0.009787510239477704
年月日	1	0.004081632653061225	2.3979400086720375	0.009787510239477704
北西	1	0.004081632653061225	2.3979400086720375	0.009787510239477704
市街地	1	0.004081632653061225	2.3979400086720375	0.009787510239477704
所在	1	0.004081632653061225	2.3979400086720375	0.009787510239477704
画像	1	0.004081632653061225	2.3979400086720375	0.009787510239477704
禁止	1	0.004081632653061225	2.3010299956639813	0.009391959165975435
男女	1	0.004081632653061225	2.3010299956639813	0.009391959165975435
ページ	1	0.004081632653061225	2.3010299956639813	0.009391959165975435
分離	1	0.004081632653061225	2.3010299956639813	0.009391959165975435
募集	1	0.004081632653061225	2.3010299956639813	0.009391959165975435
創立	1	0.004081632653061225	2.3010299956639813	0.009391959165975435
項目	2	0.00816326530612245	1.1426675035687315	0.009327897988316175
関連	2	0.00816326530612245	1.1191864077192086	0.00913621557321803
丁目	1	0.004081632653061225	2.221848749616356	0.009068770406597372
バック	1	0.004081632653061225	2.221848749616356	0.009068770406597372
新た	1	0.004081632653061225	2.221848749616356	0.009068770406597372
理由	1	0.004081632653061225	2.221848749616356	0.009068770406597372
周年	1	0.004081632653061225	2.154901959985743	0.008795518204023443
番	1	0.004081632653061225	2.154901959985743	0.008795518204023443
運動	1	0.004081632653061225	2.154901959985743	0.008795518204023443
制	1	0.004081632653061225	2.0969100130080562	0.008558816379624721
移転	1	0.004081632653061225	2.0969100130080562	0.008558816379624721
一番	1	0.004081632653061225	2.0969100130080562	0.008558816379624721
山	1	0.004081632653061225	2.0969100130080562	0.008558816379624721
さん	1	0.004081632653061225	2.0969100130080562	0.008558816379624721
有名	1	0.004081632653061225	2.045757490560675	0.00835003057371704
状態	1	0.004081632653061225	2.045757490560675	0.00835003057371704
建設	1	0.004081632653061225	2.045757490560675	0.00835003057371704
設立	1	0.004081632653061225	2.0	0.00816326530612245
依頼	1	0.004081632653061225	1.958607314841775	0.007994315570782756
東	1	0.004081632653061225	1.958607314841775	0.007994315570782756
サイト	1	0.004081632653061225	1.958607314841775	0.007994315570782756
記念	1	0.004081632653061225	1.958607314841775	0.007994315570782756
完成	1	0.004081632653061225	1.9208187539523753	0.007840076546744389
別	1	0.004081632653061225	1.8860566476931633	0.007698190398747606
教育	1	0.004081632653061225	1.8860566476931633	0.007698190398747606
西	1	0.004081632653061225	1.8860566476931633	0.007698190398747606
以下	1	0.004081632653061225	1.853871964321762	0.007566824344170458
所在地	1	0.004081632653061225	1.8239087409443187	0.007444525473242118
年度	1	0.004081632653061225	1.8239087409443187	0.007444525473242118
問題	1	0.004081632653061225	1.8239087409443187	0.007444525473242118
学	1	0.004081632653061225	1.7958800173440752	0.007330122519771737
公式	1	0.004081632653061225	1.7212463990471711	0.007025495506314985
度	1	0.004081632653061225	1.7212463990471711	0.007025495506314985
活動	1	0.004081632653061225	1.7212463990471711	0.007025495506314985
式	1	0.004081632653061225	1.6777807052660807	0.006848084511290126
一覧	1	0.004081632653061225	1.6575773191777938	0.006765621710929771
会	1	0.004081632653061225	1.619788758288394	0.006611382686891405
部	1	0.004081632653061225	1.619788758288394	0.006611382686891405
場合	1	0.004081632653061225	1.5528419686577808	0.006338130484317473
それ	1	0.004081632653061225	1.5228787452803376	0.0062158316133891335
号	1	0.004081632653061225	1.5228787452803376	0.0062158316133891335
時	1	0.004081632653061225	1.5086383061657274	0.00615770737210501
歴	1	0.004081632653061225	1.5086383061657274	0.00615770737210501
記事	1	0.004081632653061225	1.4685210829577449	0.005993963603909163
の	1	0.004081632653061225	1.3767507096020997	0.005619390651437142
一	1	0.004081632653061225	1.3665315444204136	0.005577679773144546
話	1	0.004081632653061225	1.3565473235138126	0.005536927851076787
表	1	0.004081632653061225	1.3467874862246563	0.005497091780508802
・	1	0.004081632653061225	1.337242168318426	0.005458131299258881
編	1	0.004081632653061225	1.3279021420642825	0.00542000874311952
ため	1	0.004081632653061225	1.2291479883578558	0.005016930564725942
者	1	0.004081632653061225	1.1870866433571445	0.004845251605539366
表示	1	0.004081632653061225	1.1426675035687315	0.004663948994158088
目次	1	0.004081632653061225	1.1426675035687315	0.004663948994158088
編集	1	0.004081632653061225	1.0177287669604316	0.004153994967185435
作成	1	0.004081632653061225	1.00436480540245	0.004099448185316123
カテゴリ	1	0.004081632653061225	1.00436480540245	0.004099448185316123
百科	1	0.004081632653061225	1.0	0.004081632653061225
移動	1	0.004081632653061225	1.0	0.004081632653061225
事典	1	0.004081632653061225	1.0	0.004081632653061225
フリー	1	0.004081632653061225	1.0	0.004081632653061225
検索	1	0.004081632653061225	1.0	0.004081632653061225
出典	1	0.004081632653061225	1.0	0.004081632653061225
