#語	出現回数	TF	IDF	TF-IDF	
学位	11	0.024498886414253896	3.0	0.07349665924276169
大学院	12	0.026726057906458798	2.6989700043360187	0.07213282862367978
経営	15	0.0334075723830735	2.0969100130080562	0.07005267304035823
スクール	8	0.017817371937639197	2.6989700043360187	0.04808855241578652
認証	7	0.015590200445434299	3.0	0.0467706013363029
職	9	0.0200445434298441	2.154901959985743	0.043194025923990395
専門	10	0.022271714922048998	1.9208187539523753	0.04277992770495268
ビジネス	8	0.017817371937639197	2.3979400086720375	0.04272498901865546
企業	8	0.017817371937639197	2.154901959985743	0.03839468971021368
修士	6	0.013363028953229399	2.6989700043360187	0.03606641431183989
コース	7	0.015590200445434299	2.3010299956639813	0.03587351886335828
実務	5	0.011135857461024499	2.6989700043360187	0.030055345259866577
課程	5	0.011135857461024499	2.3979400086720375	0.02670311813665966
プログラム	4	0.008908685968819599	2.6989700043360187	0.02404427620789326
日本	8	0.017817371937639197	1.1870866433571445	0.021150764246897897
教育	5	0.011135857461024499	1.8860566476931633	0.021002857992128768
家	6	0.013363028953229399	1.5086383061657274	0.020159977365243574
米国	3	0.0066815144766146995	3.0	0.0200445434298441
学修	3	0.0066815144766146995	3.0	0.0200445434298441
論文	3	0.0066815144766146995	3.0	0.0200445434298441
取得	4	0.008908685968819599	2.154901959985743	0.01919734485510684
年	8	0.017817371937639197	1.0409586076789064	0.01854714668470212
よう	6	0.013363028953229399	1.3767507096020997	0.018397559593791978
起業	3	0.0066815144766146995	2.6989700043360187	0.018033207155919946
養成	3	0.0066815144766146995	2.5228787452803374	0.016856650859334105
研究	4	0.008908685968819599	1.8860566476931633	0.016802286393703014
大学	4	0.008908685968819599	1.853871964321762	0.016515563156541308
士	3	0.0066815144766146995	2.3979400086720375	0.016021870881995796
幹部	3	0.0066815144766146995	2.3979400086720375	0.016021870881995796
機関	4	0.008908685968819599	1.7958800173440752	0.01599893111219666
編集	7	0.015590200445434299	1.0177287669604316	0.01586659547599782
従来	3	0.0066815144766146995	2.221848749616356	0.014845314585409951
校	3	0.0066815144766146995	2.154901959985743	0.014398008641330132
発行	3	0.0066815144766146995	2.154901959985743	0.014398008641330132
末	3	0.0066815144766146995	2.154901959985743	0.014398008641330132
アプローチ	2	0.004454342984409799	3.0	0.013363028953229397
名古屋商科大学	2	0.004454342984409799	3.0	0.013363028953229397
本拠	2	0.004454342984409799	3.0	0.013363028953229397
成果	2	0.004454342984409799	3.0	0.013363028953229397
科学	3	0.0066815144766146995	1.958607314841775	0.013086463128118765
文部	2	0.004454342984409799	2.6989700043360187	0.01202213810394663
考え方	2	0.004454342984409799	2.6989700043360187	0.01202213810394663
価値	2	0.004454342984409799	2.6989700043360187	0.01202213810394663
エリート	2	0.004454342984409799	2.6989700043360187	0.01202213810394663
授与	2	0.004454342984409799	2.6989700043360187	0.01202213810394663
多く	3	0.0066815144766146995	1.7958800173440752	0.011999198334147495
現在	4	0.008908685968819599	1.3467874862246563	0.011998106781511414
もの	4	0.008908685968819599	1.3279021420642825	0.011829863180973562
概説	2	0.004454342984409799	2.5228787452803374	0.011237767239556069
一定	2	0.004454342984409799	2.5228787452803374	0.011237767239556069
年代	3	0.0066815144766146995	1.6575773191777938	0.011075126854194614
質	2	0.004454342984409799	2.3979400086720375	0.010681247254663864
能力	2	0.004454342984409799	2.3010299956639813	0.010249576818102365
圏	2	0.004454342984409799	2.221848749616356	0.0098968763902733
さまざま	2	0.004454342984409799	2.221848749616356	0.0098968763902733
外国	2	0.004454342984409799	2.154901959985743	0.00959867242755342
省	2	0.004454342984409799	2.154901959985743	0.00959867242755342
これ	3	0.0066815144766146995	1.408935392973501	0.009413822224767266
制度	2	0.004454342984409799	2.0969100130080562	0.009340356405381096
採用	2	0.004454342984409799	2.0969100130080562	0.009340356405381096
米	2	0.004454342984409799	2.045757490560675	0.009112505525882738
開発	2	0.004454342984409799	2.0	0.008908685968819599
英	2	0.004454342984409799	2.0	0.008908685968819599
的	3	0.0066815144766146995	1.2924298239020637	0.008635388578410225
人	3	0.0066815144766146995	1.2596373105057561	0.008416284925428215
高等	2	0.004454342984409799	1.8860566476931633	0.008401143196851507
設置	2	0.004454342984409799	1.7958800173440752	0.00799946555609833
登場	2	0.004454342984409799	1.7958800173440752	0.00799946555609833
学	2	0.004454342984409799	1.7958800173440752	0.00799946555609833
アメリカ	2	0.004454342984409799	1.7212463990471711	0.007667021822036397
世界	2	0.004454342984409799	1.5686362358410126	0.00698724381220941
化	2	0.004454342984409799	1.537602002101044	0.006849006690873246
出典	3	0.0066815144766146995	1.0	0.0066815144766146995
習得	1	0.0022271714922048997	3.0	0.006681514476614699
ハー	1	0.0022271714922048997	3.0	0.006681514476614699
両者	1	0.0022271714922048997	3.0	0.006681514476614699
同窓	1	0.0022271714922048997	3.0	0.006681514476614699
履修	1	0.0022271714922048997	3.0	0.006681514476614699
会計	1	0.0022271714922048997	3.0	0.006681514476614699
ベルギー	1	0.0022271714922048997	3.0	0.006681514476614699
昇給	1	0.0022271714922048997	3.0	0.006681514476614699
修了	1	0.0022271714922048997	3.0	0.006681514476614699
高額	1	0.0022271714922048997	3.0	0.006681514476614699
リクルート	1	0.0022271714922048997	3.0	0.006681514476614699
法務	1	0.0022271714922048997	3.0	0.006681514476614699
パートタイム	1	0.0022271714922048997	3.0	0.006681514476614699
スキル	1	0.0022271714922048997	3.0	0.006681514476614699
不要	1	0.0022271714922048997	3.0	0.006681514476614699
中断	1	0.0022271714922048997	3.0	0.006681514476614699
パスポート	1	0.0022271714922048997	3.0	0.006681514476614699
営利	1	0.0022271714922048997	3.0	0.006681514476614699
マネジメント	1	0.0022271714922048997	3.0	0.006681514476614699
職務	1	0.0022271714922048997	3.0	0.006681514476614699
皮切り	1	0.0022271714922048997	3.0	0.006681514476614699
給与	1	0.0022271714922048997	3.0	0.006681514476614699
人脈	1	0.0022271714922048997	3.0	0.006681514476614699
慶應義塾	1	0.0022271714922048997	3.0	0.006681514476614699
メソッド	1	0.0022271714922048997	3.0	0.006681514476614699
金融	1	0.0022271714922048997	3.0	0.006681514476614699
保証	1	0.0022271714922048997	3.0	0.006681514476614699
知識	1	0.0022271714922048997	2.6989700043360187	0.006011069051973315
欧米	1	0.0022271714922048997	2.6989700043360187	0.006011069051973315
重き	1	0.0022271714922048997	2.6989700043360187	0.006011069051973315
経験	1	0.0022271714922048997	2.6989700043360187	0.006011069051973315
有利	1	0.0022271714922048997	2.6989700043360187	0.006011069051973315
特	1	0.0022271714922048997	2.6989700043360187	0.006011069051973315
狙い	1	0.0022271714922048997	2.6989700043360187	0.006011069051973315
第三者	1	0.0022271714922048997	2.6989700043360187	0.006011069051973315
バード	1	0.0022271714922048997	2.6989700043360187	0.006011069051973315
短期	1	0.0022271714922048997	2.6989700043360187	0.006011069051973315
高度	1	0.0022271714922048997	2.6989700043360187	0.006011069051973315
意味合い	1	0.0022271714922048997	2.6989700043360187	0.006011069051973315
えい	1	0.0022271714922048997	2.6989700043360187	0.006011069051973315
危機	1	0.0022271714922048997	2.6989700043360187	0.006011069051973315
週末	1	0.0022271714922048997	2.6989700043360187	0.006011069051973315
志向	1	0.0022271714922048997	2.6989700043360187	0.006011069051973315
併設	1	0.0022271714922048997	2.6989700043360187	0.006011069051973315
がく	1	0.0022271714922048997	2.6989700043360187	0.006011069051973315
転機	1	0.0022271714922048997	2.6989700043360187	0.006011069051973315
カ国	1	0.0022271714922048997	2.6989700043360187	0.006011069051973315
意図	1	0.0022271714922048997	2.6989700043360187	0.006011069051973315
ミル	1	0.0022271714922048997	2.6989700043360187	0.006011069051973315
規定	1	0.0022271714922048997	2.6989700043360187	0.006011069051973315
外部	2	0.004454342984409799	1.3098039199714864	0.005834315901877445
リンク	2	0.004454342984409799	1.2839966563652008	0.0057193614982859724
ランキング	1	0.0022271714922048997	2.5228787452803374	0.005618883619778034
分析	1	0.0022271714922048997	2.5228787452803374	0.005618883619778034
訓練	1	0.0022271714922048997	2.5228787452803374	0.005618883619778034
公認	1	0.0022271714922048997	2.5228787452803374	0.005618883619778034
シカゴ	1	0.0022271714922048997	2.5228787452803374	0.005618883619778034
ケース	1	0.0022271714922048997	2.5228787452803374	0.005618883619778034
私立	1	0.0022271714922048997	2.5228787452803374	0.005618883619778034
現役	1	0.0022271714922048997	2.5228787452803374	0.005618883619778034
レベル	1	0.0022271714922048997	2.5228787452803374	0.005618883619778034
観	1	0.0022271714922048997	2.5228787452803374	0.005618883619778034
配慮	1	0.0022271714922048997	2.5228787452803374	0.005618883619778034
職業	1	0.0022271714922048997	2.5228787452803374	0.005618883619778034
夜間	1	0.0022271714922048997	2.5228787452803374	0.005618883619778034
ため	2	0.004454342984409799	1.2291479883578558	0.005475046718743232
利便	1	0.0022271714922048997	2.3979400086720375	0.005340623627331932
認定	1	0.0022271714922048997	2.3979400086720375	0.005340623627331932
定着	1	0.0022271714922048997	2.3979400086720375	0.005340623627331932
要求	1	0.0022271714922048997	2.3979400086720375	0.005340623627331932
昇進	1	0.0022271714922048997	2.3979400086720375	0.005340623627331932
通信	1	0.0022271714922048997	2.3979400086720375	0.005340623627331932
界	1	0.0022271714922048997	2.3979400086720375	0.005340623627331932
重視	1	0.0022271714922048997	2.3979400086720375	0.005340623627331932
トップ	1	0.0022271714922048997	2.3979400086720375	0.005340623627331932
標準	1	0.0022271714922048997	2.3979400086720375	0.005340623627331932
民間	1	0.0022271714922048997	2.3979400086720375	0.005340623627331932
者	2	0.004454342984409799	1.1870866433571445	0.005287691061724474
けい	1	0.0022271714922048997	2.3010299956639813	0.005124788409051183
執筆	1	0.0022271714922048997	2.3010299956639813	0.005124788409051183
提出	1	0.0022271714922048997	2.3010299956639813	0.005124788409051183
加盟	1	0.0022271714922048997	2.3010299956639813	0.005124788409051183
意見	1	0.0022271714922048997	2.3010299956639813	0.005124788409051183
新設	1	0.0022271714922048997	2.3010299956639813	0.005124788409051183
思想	1	0.0022271714922048997	2.3010299956639813	0.005124788409051183
授業	1	0.0022271714922048997	2.3010299956639813	0.005124788409051183
独立	1	0.0022271714922048997	2.3010299956639813	0.005124788409051183
相当	1	0.0022271714922048997	2.3010299956639813	0.005124788409051183
育成	1	0.0022271714922048997	2.3010299956639813	0.005124788409051183
基準	1	0.0022271714922048997	2.3010299956639813	0.005124788409051183
項目	2	0.004454342984409799	1.1426675035687315	0.005089832978034438
関連	2	0.004454342984409799	1.1191864077192086	0.004985240123470862
判断	1	0.0022271714922048997	2.221848749616356	0.00494843819513665
それら	1	0.0022271714922048997	2.221848749616356	0.00494843819513665
状況	1	0.0022271714922048997	2.221848749616356	0.00494843819513665
定期	1	0.0022271714922048997	2.221848749616356	0.00494843819513665
略称	1	0.0022271714922048997	2.221848749616356	0.00494843819513665
候補	1	0.0022271714922048997	2.221848749616356	0.00494843819513665
評価	1	0.0022271714922048997	2.221848749616356	0.00494843819513665
向け	1	0.0022271714922048997	2.154901959985743	0.00479933621377671
後半	1	0.0022271714922048997	2.154901959985743	0.00479933621377671
システム	1	0.0022271714922048997	2.154901959985743	0.00479933621377671
初	1	0.0022271714922048997	2.0969100130080562	0.004670178202690548
学生	1	0.0022271714922048997	2.0969100130080562	0.004670178202690548
国立	1	0.0022271714922048997	2.0969100130080562	0.004670178202690548
例	1	0.0022271714922048997	2.0969100130080562	0.004670178202690548
提供	1	0.0022271714922048997	2.0969100130080562	0.004670178202690548
もと	1	0.0022271714922048997	2.045757490560675	0.004556252762941369
形態	1	0.0022271714922048997	2.045757490560675	0.004556252762941369
団体	1	0.0022271714922048997	2.045757490560675	0.004556252762941369
近代	1	0.0022271714922048997	2.045757490560675	0.004556252762941369
名称	1	0.0022271714922048997	2.045757490560675	0.004556252762941369
通り	1	0.0022271714922048997	2.045757490560675	0.004556252762941369
アメリカ合衆国	1	0.0022271714922048997	2.045757490560675	0.004556252762941369
イギリス	1	0.0022271714922048997	2.045757490560675	0.004556252762941369
作成	2	0.004454342984409799	1.00436480540245	0.004473785324732517
設立	1	0.0022271714922048997	2.0	0.004454342984409799
一つ	1	0.0022271714922048997	2.0	0.004454342984409799
世紀	1	0.0022271714922048997	2.0	0.004454342984409799
対象	1	0.0022271714922048997	1.958607314841775	0.004362154376039588
管理	1	0.0022271714922048997	1.958607314841775	0.004362154376039588
政府	1	0.0022271714922048997	1.958607314841775	0.004362154376039588
最初	1	0.0022271714922048997	1.9208187539523753	0.004277992770495268
平成	1	0.0022271714922048997	1.853871964321762	0.004128890789135327
年度	1	0.0022271714922048997	1.8239087409443187	0.004062157552214518
問題	1	0.0022271714922048997	1.8239087409443187	0.004062157552214518
面	1	0.0022271714922048997	1.8239087409443187	0.004062157552214518
中心	1	0.0022271714922048997	1.7695510786217261	0.003941093716306739
社会	1	0.0022271714922048997	1.7695510786217261	0.003941093716306739
型	1	0.0022271714922048997	1.744727494896694	0.0038858073382999864
版	1	0.0022271714922048997	1.7212463990471711	0.0038335109110181984
さ	1	0.0022271714922048997	1.7212463990471711	0.0038335109110181984
ほか	1	0.0022271714922048997	1.7212463990471711	0.0038335109110181984
一覧	1	0.0022271714922048997	1.6575773191777938	0.0036917089513982043
主	1	0.0022271714922048997	1.6020599913279625	0.003568062341487667
数	1	0.0022271714922048997	1.585026652029182	0.0035301261737843695
存在	1	0.0022271714922048997	1.5686362358410126	0.003493621906104705
性	1	0.0022271714922048997	1.5228787452803376	0.003391712127573135
号	1	0.0022271714922048997	1.5228787452803376	0.003391712127573135
二	1	0.0022271714922048997	1.4814860601221125	0.003299523519202923
の	1	0.0022271714922048997	1.3767507096020997	0.0030662599322986627
中	1	0.0022271714922048997	1.3665315444204136	0.0030435000989318785
表示	1	0.0022271714922048997	1.1426675035687315	0.002544916489017219
目次	1	0.0022271714922048997	1.1426675035687315	0.002544916489017219
月	1	0.0022271714922048997	1.1307682802690238	0.00251841487810473
カテゴリ	1	0.0022271714922048997	1.00436480540245	0.0022368926623662585
移動	1	0.0022271714922048997	1.0	0.0022271714922048997
事典	1	0.0022271714922048997	1.0	0.0022271714922048997
フリー	1	0.0022271714922048997	1.0	0.0022271714922048997
百科	1	0.0022271714922048997	1.0	0.0022271714922048997
検索	1	0.0022271714922048997	1.0	0.0022271714922048997
