#語	出現回数	TF	IDF	TF-IDF	
コール	8	0.03902439024390244	2.5228787452803374	0.09845380469386683
マン	8	0.03902439024390244	2.154901959985743	0.08409373502383388
ロナルド	6	0.02926829268292683	2.6989700043360187	0.07899424402934689
受賞	6	0.02926829268292683	2.154901959985743	0.06307030126787541
出演	4	0.01951219512195122	2.0969100130080562	0.040915317326986465
スター	3	0.014634146341463415	2.3979400086720375	0.03509180500495665
舞台	3	0.014634146341463415	2.3979400086720375	0.03509180500495665
俳優	3	0.014634146341463415	2.3979400086720375	0.03509180500495665
者	6	0.02926829268292683	1.1870866433571445	0.034743999317770086
賞	3	0.014634146341463415	2.0969100130080562	0.03068648799523985
イギリス	3	0.014634146341463415	2.045757490560675	0.02993791449600988
編集	6	0.02926829268292683	1.0177287669604316	0.029787183423232146
男優	2	0.00975609756097561	3.0	0.029268292682926828
リッチモンド	2	0.00975609756097561	2.6989700043360187	0.026331414676448964
主演	2	0.00975609756097561	2.6989700043360187	0.026331414676448964
年	5	0.024390243902439025	1.0409586076789064	0.025389234333631862
アカデミー	2	0.00975609756097561	2.5228787452803374	0.024613451173466708
プロフィール	2	0.00975609756097561	2.5228787452803374	0.024613451173466708
重	2	0.00975609756097561	2.5228787452803374	0.024613451173466708
日	4	0.01951219512195122	1.1804560644581312	0.023033289062597682
世界	3	0.014634146341463415	1.5686362358410126	0.0229556522318197
本名	2	0.00975609756097561	2.3010299956639813	0.022449073128429087
月	4	0.01951219512195122	1.1307682802690238	0.022063771322322415
人気	2	0.00975609756097561	2.221848749616356	0.02167657316698884
男	2	0.00975609756097561	1.958607314841775	0.01910836404723683
没	2	0.00975609756097561	1.958607314841775	0.01910836404723683
生活	2	0.00975609756097561	1.853871964321762	0.018086555749480607
関連	3	0.014634146341463415	1.1191864077192086	0.01637833767393964
作品	2	0.00975609756097561	1.638272163982407	0.015983143063242996
主	2	0.00975609756097561	1.6020599913279625	0.015629853573931343
口ひげ	1	0.004878048780487805	3.0	0.014634146341463414
負傷	1	0.004878048780487805	3.0	0.014634146341463414
黎明	1	0.004878048780487805	3.0	0.014634146341463414
ケンブリッジ大学	1	0.004878048780487805	3.0	0.014634146341463414
ヘストン	1	0.004878048780487805	3.0	0.014634146341463414
日間	1	0.004878048780487805	3.0	0.014634146341463414
扇	1	0.004878048780487805	3.0	0.014634146341463414
裕福	1	0.004878048780487805	3.0	0.014634146341463414
ムービー	1	0.004878048780487805	3.0	0.014634146341463414
虜	1	0.004878048780487805	3.0	0.014634146341463414
イングランド	1	0.004878048780487805	3.0	0.014634146341463414
ルーカス	1	0.004878048780487805	3.0	0.014634146341463414
ボガート	1	0.004878048780487805	3.0	0.014634146341463414
出生	1	0.004878048780487805	3.0	0.014634146341463414
灯	1	0.004878048780487805	3.0	0.014634146341463414
サリー	1	0.004878048780487805	3.0	0.014634146341463414
サミュエル	1	0.004878048780487805	3.0	0.014634146341463414
シスター	1	0.004878048780487805	3.0	0.014634146341463414
地平線	1	0.004878048780487805	3.0	0.014634146341463414
ハンフリー	1	0.004878048780487805	3.0	0.014634146341463414
チャールトン	1	0.004878048780487805	3.0	0.014634146341463414
トーキー	1	0.004878048780487805	3.0	0.014634146341463414
旗	1	0.004878048780487805	3.0	0.014634146341463414
配偶	1	0.004878048780487805	3.0	0.014634146341463414
ゲイリー	1	0.004878048780487805	3.0	0.014634146341463414
クーパー	1	0.004878048780487805	3.0	0.014634146341463414
ホワイト	1	0.004878048780487805	3.0	0.014634146341463414
二	2	0.00975609756097561	1.4814860601221125	0.014453522537776707
つもり	1	0.004878048780487805	2.6989700043360187	0.013165707338224482
仮面	1	0.004878048780487805	2.6989700043360187	0.013165707338224482
げ	1	0.004878048780487805	2.6989700043360187	0.013165707338224482
本国	1	0.004878048780487805	2.6989700043360187	0.013165707338224482
一周	1	0.004878048780487805	2.6989700043360187	0.013165707338224482
各国	1	0.004878048780487805	2.6989700043360187	0.013165707338224482
回復	1	0.004878048780487805	2.6989700043360187	0.013165707338224482
キネマ旬報	1	0.004878048780487805	2.6989700043360187	0.013165707338224482
ベストテン	1	0.004878048780487805	2.6989700043360187	0.013165707338224482
エンジニアリング	1	0.004878048780487805	2.6989700043360187	0.013165707338224482
旅路	1	0.004878048780487805	2.6989700043360187	0.013165707338224482
断念	1	0.004878048780487805	2.6989700043360187	0.013165707338224482
外部	2	0.00975609756097561	1.3098039199714864	0.012778574828990112
リンク	2	0.00975609756097561	1.2839966563652008	0.012526796647465373
トレードマーク	1	0.004878048780487805	2.5228787452803374	0.012306725586733354
データベース	1	0.004878048780487805	2.5228787452803374	0.012306725586733354
商人	1	0.004878048780487805	2.5228787452803374	0.012306725586733354
死	1	0.004878048780487805	2.5228787452803374	0.012306725586733354
従軍	1	0.004878048780487805	2.5228787452803374	0.012306725586733354
数々	1	0.004878048780487805	2.5228787452803374	0.012306725586733354
ポール	1	0.004878048780487805	2.5228787452803374	0.012306725586733354
除隊	1	0.004878048780487805	2.5228787452803374	0.012306725586733354
家庭	1	0.004878048780487805	2.5228787452803374	0.012306725586733354
年月日	1	0.004878048780487805	2.3979400086720375	0.011697268334985548
インターネット	1	0.004878048780487805	2.3979400086720375	0.011697268334985548
日本	2	0.00975609756097561	1.1870866433571445	0.011581333105923361
父親	1	0.004878048780487805	2.3010299956639813	0.011224536564214543
嵐	1	0.004878048780487805	2.3010299956639813	0.011224536564214543
生年月日	1	0.004878048780487805	2.3010299956639813	0.011224536564214543
国籍	1	0.004878048780487805	2.3010299956639813	0.011224536564214543
項目	2	0.00975609756097561	1.1426675035687315	0.01114797564457299
表示	2	0.00975609756097561	1.1426675035687315	0.01114797564457299
マルチメディア	1	0.004878048780487805	2.221848749616356	0.01083828658349442
ロンドン	1	0.004878048780487805	2.221848749616356	0.01083828658349442
心	1	0.004878048780487805	2.221848749616356	0.01083828658349442
夫人	1	0.004878048780487805	2.221848749616356	0.01083828658349442
リスト	1	0.004878048780487805	2.154901959985743	0.010511716877979235
城	1	0.004878048780487805	2.154901959985743	0.010511716877979235
大戦	1	0.004878048780487805	2.0969100130080562	0.010228829331746616
期	1	0.004878048780487805	2.045757490560675	0.009979304832003292
色	1	0.004878048780487805	2.045757490560675	0.009979304832003292
代表	1	0.004878048780487805	2.0	0.00975609756097561
映画	1	0.004878048780487805	1.9208187539523753	0.00936984758025549
位	1	0.004878048780487805	1.853871964321762	0.009043277874740303
英語	1	0.004878048780487805	1.853871964321762	0.009043277874740303
歳	1	0.004878048780487805	1.7958800173440752	0.008760390328507684
アメリカ	1	0.004878048780487805	1.7212463990471711	0.008396323897791078
次	1	0.004878048780487805	1.6575773191777938	0.008085743020379482
年代	1	0.004878048780487805	1.6575773191777938	0.008085743020379482
出身	1	0.004878048780487805	1.6575773191777938	0.008085743020379482
三	1	0.004878048780487805	1.6020599913279625	0.007814926786965671
地	1	0.004878048780487805	1.537602002101044	0.007500497571224604
よう	1	0.004878048780487805	1.3767507096020997	0.006715857120010243
一	1	0.004878048780487805	1.3665315444204136	0.006666007533758115
話	1	0.004878048780487805	1.3565473235138126	0.0066173040171405495
表	1	0.004878048780487805	1.3467874862246563	0.006569695054754421
・	1	0.004878048780487805	1.337242168318426	0.006523132528382565
編	1	0.004878048780487805	1.3279021420642825	0.006477571424703817
後	1	0.004878048780487805	1.2596373105057561	0.006144572246369542
人	1	0.004878048780487805	1.2596373105057561	0.006144572246369542
目次	1	0.004878048780487805	1.1426675035687315	0.005573987822286495
百科	1	0.004878048780487805	1.0	0.004878048780487805
移動	1	0.004878048780487805	1.0	0.004878048780487805
事典	1	0.004878048780487805	1.0	0.004878048780487805
フリー	1	0.004878048780487805	1.0	0.004878048780487805
検索	1	0.004878048780487805	1.0	0.004878048780487805
出典	1	0.004878048780487805	1.0	0.004878048780487805
