#t, I, Q
0.000000, 0.000000, 10.000000
0.100000, -0.330000, 9.983333
0.200000, -0.652366, 9.934024
0.300000, -0.966185, 9.852884
0.400000, -1.270589, 9.740810
0.500000, -1.564760, 9.598787
0.600000, -1.847930, 9.427877
0.700000, -2.119381, 9.229219
0.800000, -2.378449, 9.004018
0.900000, -2.624525, 8.753545
1.000000, -2.857052, 8.479128
1.100000, -3.075532, 8.182148
1.200000, -3.279521, 7.864034
1.300000, -3.468634, 7.526254
1.400000, -3.642540, 7.170316
1.500000, -3.800968, 6.797754
1.600000, -3.943699, 6.410128
1.700000, -4.070575, 6.009018
1.800000, -4.181491, 5.596016
1.900000, -4.276397, 5.172722
2.000000, -4.355297, 4.740738
2.100000, -4.418248, 4.301662
2.200000, -4.465358, 3.857086
2.300000, -4.496785, 3.408587
2.400000, -4.512737, 2.957724
2.500000, -4.513469, 2.506034
2.600000, -4.499279, 2.055024
2.700000, -4.470510, 1.606170
2.800000, -4.427547, 1.160913
2.900000, -4.370812, 0.720651
3.000000, -4.300767, 0.286739
3.100000, -4.217906, -0.139515
3.200000, -4.122758, -0.556855
3.300000, -4.015880, -0.964080
3.400000, -3.897858, -1.360045
3.500000, -3.769302, -1.743666
3.600000, -3.630847, -2.113921
3.700000, -3.483145, -2.469852
3.800000, -3.326869, -2.810567
3.900000, -3.162703, -3.135242
4.000000, -2.991347, -3.443125
4.100000, -2.813510, -3.733529
4.200000, -2.629907, -4.005844
4.300000, -2.441259, -4.259529
4.400000, -2.248289, -4.494114
4.500000, -2.051720, -4.709204
4.600000, -1.852272, -4.904476
4.700000, -1.650662, -5.079677
4.800000, -1.447599, -5.234626
4.900000, -1.243781, -5.369214
5.000000, -1.039897, -5.483400
5.100000, -0.836622, -5.577211
5.200000, -0.634614, -5.650741
5.300000, -0.434517, -5.704150
5.400000, -0.236952, -5.737660
5.500000, -0.042523, -5.751556
5.600000, 0.148191, -5.746179
5.700000, 0.334634, -5.721931
5.800000, 0.516274, -5.679266
5.900000, 0.692607, -5.618690
6.000000, 0.863156, -5.540757
6.100000, 1.027472, -5.446070
6.200000, 1.185136, -5.335273
6.300000, 1.335759, -5.209053
6.400000, 1.478983, -5.068131
6.500000, 1.614483, -4.913265
6.600000, 1.741963, -4.745242
6.700000, 1.861162, -4.564879
6.800000, 1.971850, -4.373016
6.900000, 2.073830, -4.170514
7.000000, 2.166939, -3.958254
7.100000, 2.251045, -3.737130
7.200000, 2.326048, -3.508048
7.300000, 2.391881, -3.271923
7.400000, 2.448508, -3.029673
7.500000, 2.495926, -2.782222
7.600000, 2.534160, -2.530488
7.700000, 2.563267, -2.275388
7.800000, 2.583330, -2.017833
7.900000, 2.594463, -1.758720
8.000000, 2.596806, -1.498937
8.100000, 2.590526, -1.239355
8.200000, 2.575815, -0.980827
8.300000, 2.552888, -0.724187
8.400000, 2.521984, -0.470244
8.500000, 2.483364, -0.219784
8.600000, 2.437307, 0.026435
8.700000, 2.384114, 0.267685
8.800000, 2.324101, 0.503266
8.900000, 2.257603, 0.732513
9.000000, 2.184967, 0.954795
9.100000, 2.106554, 1.169515
9.200000, 2.022740, 1.376115
9.300000, 1.933906, 1.574073
9.400000, 1.840447, 1.762906
9.500000, 1.742763, 1.942172
9.600000, 1.641260, 2.111469
9.700000, 1.536349, 2.270434
9.800000, 1.428445, 2.418749
9.900000, 1.317962, 2.556134
10.000000, 1.205318, 2.682352
10.100000, 1.090926, 2.797207
10.200000, 0.975199, 2.900547
10.300000, 0.858547, 2.992258
10.400000, 0.741372, 3.072267
10.500000, 0.624073, 3.140542
10.600000, 0.507038, 3.197091
10.700000, 0.390650, 3.241959
10.800000, 0.275279, 3.275230
10.900000, 0.161287, 3.297024
11.000000, 0.049023, 3.307497
11.100000, -0.061177, 3.306837
11.200000, -0.168989, 3.295270
11.300000, -0.274105, 3.273048
11.400000, -0.376232, 3.240456
11.500000, -0.475090, 3.197808
11.600000, -0.570419, 3.145445
11.700000, -0.661974, 3.083731
11.800000, -0.749527, 3.013056
11.900000, -0.832868, 2.933831
12.000000, -0.911805, 2.846487
12.100000, -0.986166, 2.751474
12.200000, -1.055795, 2.649258
12.300000, -1.120556, 2.540319
12.400000, -1.180332, 2.425150
12.500000, -1.235024, 2.304255
12.600000, -1.284553, 2.178147
12.700000, -1.328857, 2.047347
12.800000, -1.367893, 1.912377
12.900000, -1.401637, 1.773769
13.000000, -1.430083, 1.632050
13.100000, -1.453242, 1.487752
13.200000, -1.471141, 1.341402
13.300000, -1.483827, 1.193523
13.400000, -1.491360, 1.044635
13.500000, -1.493819, 0.895249
13.600000, -1.491295, 0.745869
13.700000, -1.483895, 0.596988
13.800000, -1.471742, 0.449087
13.900000, -1.454968, 0.302636
14.000000, -1.433722, 0.158090
14.100000, -1.408161, 0.015888
14.200000, -1.378457, -0.123546
14.300000, -1.344789, -0.259808
14.400000, -1.307348, -0.392509
14.500000, -1.266330, -0.521282
14.600000, -1.221944, -0.645780
14.700000, -1.174402, -0.765676
14.800000, -1.123925, -0.880666
14.900000, -1.070736, -0.990467
15.000000, -1.015065, -1.094819
15.100000, -0.957146, -1.193485
15.200000, -0.897214, -1.286254
15.300000, -0.835508, -1.372934
15.400000, -0.772265, -1.453361
15.500000, -0.707726, -1.527393
15.600000, -0.642130, -1.594913
15.700000, -0.575713, -1.655825
15.800000, -0.508713, -1.710061
15.900000, -0.441360, -1.757574
16.000000, -0.373886, -1.798339
16.100000, -0.306514, -1.832356
16.200000, -0.239467, -1.859647
16.300000, -0.172958, -1.880255
16.400000, -0.107197, -1.894244
16.500000, -0.042385, -1.901700
16.600000, 0.021281, -1.902726
16.700000, 0.083614, -1.897448
16.800000, 0.144435, -1.886008
16.900000, 0.203572, -1.868566
17.000000, 0.260865, -1.845298
17.100000, 0.316160, -1.816397
17.200000, 0.369314, -1.782070
17.300000, 0.420194, -1.742537
17.400000, 0.468678, -1.698034
17.500000, 0.514652, -1.648805
17.600000, 0.558015, -1.595106
17.700000, 0.598675, -1.537204
17.800000, 0.636551, -1.475373
17.900000, 0.671574, -1.409896
18.000000, 0.703684, -1.341060
18.100000, 0.732833, -1.269161
18.200000, 0.758984, -1.194495
18.300000, 0.782109, -1.117365
18.400000, 0.802193, -1.038073
18.500000, 0.819229, -0.956926
18.600000, 0.833221, -0.874228
18.700000, 0.844184, -0.790282
18.800000, 0.852142, -0.705390
18.900000, 0.857127, -0.619853
19.000000, 0.859183, -0.533964
19.100000, 0.858360, -0.448015
19.200000, 0.854718, -0.362291
19.300000, 0.848326, -0.277070
19.400000, 0.839258, -0.192624
19.500000, 0.827599, -0.109216
19.600000, 0.813437, -0.027102
19.700000, 0.796870, 0.053474
19.800000, 0.777999, 0.132275
19.900000, 0.756933, 0.209076
20.000000, 0.733784, 0.283664
20.100000, 0.708672, 0.355836
20.200000, 0.681716, 0.425401
20.300000, 0.653044, 0.492182
20.400000, 0.622783, 0.556013
20.500000, 0.591066, 0.616742
20.600000, 0.558025, 0.674230
20.700000, 0.523796, 0.728350
20.800000, 0.488517, 0.778992
20.900000, 0.452323, 0.826057
21.000000, 0.415353, 0.869460
21.100000, 0.377745, 0.909131
21.200000, 0.339635, 0.945013
21.300000, 0.301158, 0.977062
21.400000, 0.262451, 1.005248
21.500000, 0.223643, 1.029555
21.600000, 0.184867, 1.049980
21.700000, 0.146249, 1.066532
21.800000, 0.107914, 1.079233
21.900000, 0.069983, 1.088118
22.000000, 0.032573, 1.093232
22.100000, -0.004203, 1.094635
22.200000, -0.040236, 1.092395
22.300000, -0.075421, 1.086591
22.400000, -0.109659, 1.077313
22.500000, -0.142857, 1.064661
22.600000, -0.174924, 1.048744
22.700000, -0.205777, 1.029679
22.800000, -0.235339, 1.007590
22.900000, -0.263538, 0.982612
23.000000, -0.290307, 0.954885
23.100000, -0.315586, 0.924553
23.200000, -0.339322, 0.891769
23.300000, -0.361466, 0.856690
23.400000, -0.381977, 0.819477
23.500000, -0.400820, 0.780295
23.600000, -0.417966, 0.739313
23.700000, -0.433391, 0.696703
23.800000, -0.447079, 0.652636
23.900000, -0.459018, 0.607287
24.000000, -0.469205, 0.560832
24.100000, -0.477640, 0.513446
24.200000, -0.484331, 0.465304
24.300000, -0.489289, 0.416580
24.400000, -0.492532, 0.367446
24.500000, -0.494085, 0.318073
24.600000, -0.493975, 0.268628
24.700000, -0.492236, 0.219277
24.800000, -0.488905, 0.170180
24.900000, -0.484026, 0.121495
25.000000, -0.477645, 0.073374
25.100000, -0.469813, 0.025965
25.200000, -0.460585, -0.020590
25.300000, -0.450018, -0.066154
25.400000, -0.438174, -0.110595
25.500000, -0.425119, -0.153790
25.600000, -0.410918, -0.195620
25.700000, -0.395641, -0.235975
25.800000, -0.379361, -0.274750
25.900000, -0.362150, -0.311849
26.000000, -0.344085, -0.347182
26.100000, -0.325242, -0.380668
26.200000, -0.305698, -0.412233
26.300000, -0.285532, -0.441810
26.400000, -0.264823, -0.469341
26.500000, -0.243650, -0.494776
26.600000, -0.222092, -0.518073
26.700000, -0.200228, -0.539197
26.800000, -0.178136, -0.558121
26.900000, -0.155894, -0.574826
27.000000, -0.133578, -0.589301
27.100000, -0.111264, -0.601543
27.200000, -0.089025, -0.611556
27.300000, -0.066932, -0.619350
27.400000, -0.045057, -0.624944
27.500000, -0.023466, -0.628363
27.600000, -0.002227, -0.629639
27.700000, 0.018599, -0.628810
27.800000, 0.038951, -0.625921
27.900000, 0.058770, -0.621021
28.000000, 0.078002, -0.614168
28.100000, 0.096595, -0.605422
28.200000, 0.114501, -0.594850
28.300000, 0.131673, -0.582523
28.400000, 0.148069, -0.568517
28.500000, 0.163652, -0.552911
28.600000, 0.178385, -0.535788
28.700000, 0.192237, -0.517234
28.800000, 0.205179, -0.497341
28.900000, 0.217186, -0.476199
29.000000, 0.228239, -0.453904
29.100000, 0.238318, -0.430552
29.200000, 0.247410, -0.406241
29.300000, 0.255505, -0.381070
29.400000, 0.262596, -0.355140
29.500000, 0.268678, -0.328551
29.600000, 0.273753, -0.301405
29.700000, 0.277823, -0.273801
29.800000, 0.280894, -0.245840
29.900000, 0.282977, -0.217622
30.000000, 0.284084, -0.189244
30.100000, 0.284231, -0.160805
30.200000, 0.283436, -0.132398
30.300000, 0.281720, -0.104117
30.400000, 0.279109, -0.076053
30.500000, 0.275627, -0.048295
30.600000, 0.271304, -0.020927
30.700000, 0.266170, 0.005967
30.800000, 0.260260, 0.032308
30.900000, 0.253607, 0.058020
31.000000, 0.246248, 0.083030
31.100000, 0.238222, 0.107270
31.200000, 0.229568, 0.130675
31.300000, 0.220328, 0.153185
31.400000, 0.210543, 0.174742
31.500000, 0.200257, 0.195294
31.600000, 0.189513, 0.214794
31.700000, 0.178357, 0.233198
31.800000, 0.166833, 0.250467
31.900000, 0.154986, 0.266566
32.000000, 0.142862, 0.281465
32.100000, 0.130507, 0.295139
32.200000, 0.117966, 0.307568
32.300000, 0.105284, 0.318734
32.400000, 0.092505, 0.328626
32.500000, 0.079675, 0.337236
32.600000, 0.066836, 0.344562
32.700000, 0.054031, 0.350604
32.800000, 0.041301, 0.355369
32.900000, 0.028687, 0.358865
33.000000, 0.016229, 0.361107
33.100000, 0.003964, 0.362112
33.200000, -0.008071, 0.361901
33.300000, -0.019841, 0.360499
33.400000, -0.031311, 0.357934
33.500000, -0.042451, 0.354237
33.600000, -0.053229, 0.349444
33.700000, -0.063618, 0.343592
33.800000, -0.073591, 0.336721
33.900000, -0.083123, 0.328875
34.000000, -0.092192, 0.320097
34.100000, -0.100776, 0.310437
34.200000, -0.108857, 0.299943
34.300000, -0.116418, 0.288666
34.400000, -0.123445, 0.276659
34.500000, -0.129925, 0.263977
34.600000, -0.135847, 0.250675
34.700000, -0.141203, 0.236808
34.800000, -0.145987, 0.222434
34.900000, -0.150193, 0.207611
35.000000, -0.153820, 0.192396
35.100000, -0.156867, 0.176847
35.200000, -0.159336, 0.161022
35.300000, -0.161229, 0.144980
35.400000, -0.162552, 0.128776
35.500000, -0.163313, 0.112469
35.600000, -0.163518, 0.096114
35.700000, -0.163180, 0.079765
35.800000, -0.162309, 0.063477
35.900000, -0.160920, 0.047303
36.000000, -0.159026, 0.031293
36.100000, -0.156645, 0.015497
36.200000, -0.153794, -0.000036
36.300000, -0.150491, -0.015262
36.400000, -0.146757, -0.030135
36.500000, -0.142612, -0.044614
36.600000, -0.138079, -0.058658
36.700000, -0.133179, -0.072230
36.800000, -0.127936, -0.085294
36.900000, -0.122375, -0.097818
37.000000, -0.116520, -0.109770
37.100000, -0.110396, -0.121123
37.200000, -0.104030, -0.131850
37.300000, -0.097445, -0.141929
37.400000, -0.090670, -0.151340
37.500000, -0.083729, -0.160064
37.600000, -0.076650, -0.168086
37.700000, -0.069458, -0.175394
37.800000, -0.062178, -0.181978
37.900000, -0.054838, -0.187831
38.000000, -0.047463, -0.192947
38.100000, -0.040077, -0.197324
38.200000, -0.032705, -0.200963
38.300000, -0.025371, -0.203865
38.400000, -0.018099, -0.206037
38.500000, -0.010911, -0.207486
38.600000, -0.003830, -0.208220
38.700000, 0.003124, -0.208252
38.800000, 0.009929, -0.207596
38.900000, 0.016567, -0.206267
39.000000, 0.023018, -0.204283
39.100000, 0.029265, -0.201664
39.200000, 0.035292, -0.198431
39.300000, 0.041082, -0.194606
39.400000, 0.046622, -0.190214
39.500000, 0.051899, -0.185282
39.600000, 0.056899, -0.179835
39.700000, 0.061612, -0.173902
39.800000, 0.066028, -0.167513
39.900000, 0.070139, -0.160697
40.000000, 0.073936, -0.153485
40.100000, 0.077414, -0.145910
40.200000, 0.080567, -0.138003
40.300000, 0.083392, -0.129797
40.400000, 0.085885, -0.121324
40.500000, 0.088045, -0.112620
40.600000, 0.089871, -0.103716
40.700000, 0.091365, -0.094645
40.800000, 0.092527, -0.085443
40.900000, 0.093360, -0.076140
41.000000, 0.093869, -0.066771
41.100000, 0.094057, -0.057366
41.200000, 0.093931, -0.047959
41.300000, 0.093497, -0.038580
41.400000, 0.092763, -0.029259
41.500000, 0.091737, -0.020027
41.600000, 0.090429, -0.010912
41.700000, 0.088848, -0.001941
41.800000, 0.087005, 0.006858
41.900000, 0.084911, 0.015460
42.000000, 0.082578, 0.023841
42.100000, 0.080018, 0.031976
42.200000, 0.077245, 0.039845
42.300000, 0.074272, 0.047425
42.400000, 0.071113, 0.054699
42.500000, 0.067781, 0.061648
42.600000, 0.064292, 0.068256
42.700000, 0.060659, 0.074507
42.800000, 0.056898, 0.080388
42.900000, 0.053024, 0.085887
43.000000, 0.049052, 0.090993
43.100000, 0.044996, 0.095698
43.200000, 0.040872, 0.099993
43.300000, 0.036695, 0.103873
43.400000, 0.032479, 0.107332
43.500000, 0.028240, 0.110369
43.600000, 0.023992, 0.112981
43.700000, 0.019748, 0.115168
43.800000, 0.015524, 0.116931
43.900000, 0.011332, 0.118273
44.000000, 0.007186, 0.119197
44.100000, 0.003098, 0.119710
44.200000, -0.000919, 0.119817
44.300000, -0.004853, 0.119527
44.400000, -0.008694, 0.118847
44.500000, -0.012429, 0.117788
44.600000, -0.016049, 0.116361
44.700000, -0.019544, 0.114579
44.800000, -0.022906, 0.112453
44.900000, -0.026125, 0.109998
45.000000, -0.029194, 0.107228
45.100000, -0.032106, 0.104159
45.200000, -0.034854, 0.100807
45.300000, -0.037433, 0.097188
45.400000, -0.039836, 0.093320
45.500000, -0.042061, 0.089221
45.600000, -0.044102, 0.084908
45.700000, -0.045957, 0.080401
45.800000, -0.047624, 0.075717
45.900000, -0.049100, 0.070876
46.000000, -0.050385, 0.065897
46.100000, -0.051478, 0.060799
46.200000, -0.052380, 0.055601
46.300000, -0.053090, 0.050323
46.400000, -0.053611, 0.044983
46.500000, -0.053945, 0.039601
46.600000, -0.054093, 0.034194
46.700000, -0.054061, 0.028782
46.800000, -0.053850, 0.023382
46.900000, -0.053466, 0.018012
47.000000, -0.052912, 0.012689
47.100000, -0.052195, 0.007430
47.200000, -0.051320, 0.002250
47.300000, -0.050292, -0.002835
47.400000, -0.049119, -0.007809
47.500000, -0.047807, -0.012659
47.600000, -0.046363, -0.017370
47.700000, -0.044795, -0.021931
47.800000, -0.043109, -0.026330
47.900000, -0.041315, -0.030553
48.000000, -0.039420, -0.034593
48.100000, -0.037432, -0.038438
48.200000, -0.035360, -0.042079
48.300000, -0.033212, -0.045510
48.400000, -0.030998, -0.048722
48.500000, -0.028724, -0.051710
48.600000, -0.026401, -0.054467
48.700000, -0.024037, -0.056990
48.800000, -0.021641, -0.059275
48.900000, -0.019220, -0.061318
49.000000, -0.016784, -0.063119
49.100000, -0.014341, -0.064675
49.200000, -0.011898, -0.065987
49.300000, -0.009465, -0.067055
49.400000, -0.007049, -0.067881
49.500000, -0.004658, -0.068465
49.600000, -0.002299, -0.068812
49.700000, 0.000021, -0.068925
49.800000, 0.002296, -0.068808
49.900000, 0.004517, -0.068466
50.000000, 0.006679, -0.067905
50.100000, 0.008777, -0.067131
50.200000, 0.010804, -0.066150
50.300000, 0.012755, -0.064970
50.400000, 0.014625, -0.063599
50.500000, 0.016410, -0.062045
50.600000, 0.018105, -0.060317
50.700000, 0.019707, -0.058424
50.800000, 0.021212, -0.056376
50.900000, 0.022617, -0.054182
51.000000, 0.023919, -0.051853
51.100000, 0.025117, -0.049398
51.200000, 0.026208, -0.046829
51.300000, 0.027191, -0.044157
51.400000, 0.028064, -0.041391
51.500000, 0.028828, -0.038544
51.600000, 0.029481, -0.035626
51.700000, 0.030024, -0.032648
51.800000, 0.030456, -0.029621
51.900000, 0.030780, -0.026556
52.000000, 0.030996, -0.023465
52.100000, 0.031105, -0.020357
52.200000, 0.031109, -0.017244
52.300000, 0.031010, -0.014135
52.400000, 0.030811, -0.011042
52.500000, 0.030514, -0.007973
52.600000, 0.030122, -0.004939
52.700000, 0.029638, -0.001949
52.800000, 0.029066, 0.000989
52.900000, 0.028410, 0.003865
53.000000, 0.027672, 0.006671
53.100000, 0.026858, 0.009399
53.200000, 0.025971, 0.012043
53.300000, 0.025017, 0.014594
53.400000, 0.023998, 0.017046
53.500000, 0.022920, 0.019393
53.600000, 0.021788, 0.021630
53.700000, 0.020607, 0.023751
53.800000, 0.019381, 0.025752
53.900000, 0.018115, 0.027627
54.000000, 0.016814, 0.029375
54.100000, 0.015484, 0.030990
54.200000, 0.014129, 0.032472
54.300000, 0.012754, 0.033816
54.400000, 0.011364, 0.035022
54.500000, 0.009965, 0.036089
54.600000, 0.008560, 0.037015
54.700000, 0.007154, 0.037801
54.800000, 0.005753, 0.038446
54.900000, 0.004361, 0.038952
55.000000, 0.002982, 0.039319
55.100000, 0.001621, 0.039549
55.200000, 0.000281, 0.039643
55.300000, -0.001034, 0.039605
55.400000, -0.002318, 0.039436
55.500000, -0.003570, 0.039141
55.600000, -0.004785, 0.038723
55.700000, -0.005960, 0.038184
55.800000, -0.007092, 0.037531
55.900000, -0.008179, 0.036766
56.000000, -0.009216, 0.035895
56.100000, -0.010203, 0.034923
56.200000, -0.011136, 0.033854
56.300000, -0.012014, 0.032696
56.400000, -0.012836, 0.031452
56.500000, -0.013598, 0.030128
56.600000, -0.014300, 0.028732
56.700000, -0.014941, 0.027268
56.800000, -0.015521, 0.025744
56.900000, -0.016037, 0.024164
57.000000, -0.016490, 0.022536
57.100000, -0.016880, 0.020866
57.200000, -0.017206, 0.019160
57.300000, -0.017469, 0.017425
57.400000, -0.017669, 0.015667
57.500000, -0.017807, 0.013891
57.600000, -0.017883, 0.012105
57.700000, -0.017898, 0.010315
57.800000, -0.017855, 0.008526
57.900000, -0.017753, 0.006744
58.000000, -0.017594, 0.004975
58.100000, -0.017381, 0.003225
58.200000, -0.017114, 0.001499
58.300000, -0.016796, -0.000198
58.400000, -0.016429, -0.001860
58.500000, -0.016015, -0.003484
58.600000, -0.015556, -0.005063
58.700000, -0.015055, -0.006595
58.800000, -0.014514, -0.008074
58.900000, -0.013936, -0.009498
59.000000, -0.013324, -0.010862
59.100000, -0.012679, -0.012163
59.200000, -0.012006, -0.013398
59.300000, -0.011306, -0.014564
59.400000, -0.010582, -0.015659
59.500000, -0.009839, -0.016680
59.600000, -0.009077, -0.017627
59.700000, -0.008300, -0.018496
59.800000, -0.007512, -0.019287
59.900000, -0.006714, -0.019998
60.000000, -0.005910, -0.020630
60.100000, -0.005102, -0.021180
60.200000, -0.004294, -0.021650
60.300000, -0.003487, -0.022039
60.400000, -0.002685, -0.022348
60.500000, -0.001890, -0.022576
60.600000, -0.001104, -0.022726
60.700000, -0.000331, -0.022797
60.800000, 0.000429, -0.022792
60.900000, 0.001172, -0.022712
61.000000, 0.001896, -0.022558
61.100000, 0.002600, -0.022333
61.200000, 0.003281, -0.022038
61.300000, 0.003938, -0.021676
61.400000, 0.004568, -0.021250
61.500000, 0.005172, -0.020763
61.600000, 0.005746, -0.020216
61.700000, 0.006290, -0.019614
61.800000, 0.006802, -0.018958
61.900000, 0.007281, -0.018253
62.000000, 0.007727, -0.017502
62.100000, 0.008139, -0.016708
62.200000, 0.008516, -0.015874
62.300000, 0.008857, -0.015005
62.400000, 0.009162, -0.014103
62.500000, 0.009431, -0.013172
62.600000, 0.009663, -0.012217
62.700000, 0.009859, -0.011240
62.800000, 0.010018, -0.010245
62.900000, 0.010141, -0.009236
63.000000, 0.010228, -0.008217
63.100000, 0.010280, -0.007191
63.200000, 0.010296, -0.006161
63.300000, 0.010278, -0.005131
63.400000, 0.010227, -0.004105
63.500000, 0.010143, -0.003086
63.600000, 0.010027, -0.002077
63.700000, 0.009880, -0.001080
63.800000, 0.009704, -0.000100
63.900000, 0.009499, 0.000860
64.000000, 0.009267, 0.001799
64.100000, 0.009008, 0.002714
64.200000, 0.008725, 0.003601
64.300000, 0.008419, 0.004459
64.400000, 0.008091, 0.005285
64.500000, 0.007743, 0.006077
64.600000, 0.007377, 0.006834
64.700000, 0.006993, 0.007553
64.800000, 0.006593, 0.008232
64.900000, 0.006180, 0.008871
65.000000, 0.005755, 0.009468
65.100000, 0.005319, 0.010022
65.200000, 0.004874, 0.010532
65.300000, 0.004422, 0.010997
65.400000, 0.003964, 0.011417
65.500000, 0.003502, 0.011790
65.600000, 0.003038, 0.012117
65.700000, 0.002573, 0.012398
65.800000, 0.002108, 0.012632
65.900000, 0.001646, 0.012819
66.000000, 0.001188, 0.012961
66.100000, 0.000735, 0.013057
66.200000, 0.000288, 0.013108
66.300000, -0.000151, 0.013114
66.400000, -0.000580, 0.013078
66.500000, -0.000999, 0.012998
66.600000, -0.001407, 0.012878
66.700000, -0.001802, 0.012717
66.800000, -0.002183, 0.012518
66.900000, -0.002549, 0.012281
67.000000, -0.002899, 0.012008
67.100000, -0.003233, 0.011701
67.200000, -0.003550, 0.011361
67.300000, -0.003849, 0.010991
67.400000, -0.004129, 0.010591
67.500000, -0.004390, 0.010165
67.600000, -0.004631, 0.009713
67.700000, -0.004852, 0.009239
67.800000, -0.005053, 0.008743
67.900000, -0.005233, 0.008228
68.000000, -0.005392, 0.007696
68.100000, -0.005530, 0.007150
68.200000, -0.005648, 0.006590
68.300000, -0.005744, 0.006020
68.400000, -0.005819, 0.005442
68.500000, -0.005874, 0.004856
68.600000, -0.005908, 0.004267
68.700000, -0.005922, 0.003675
68.800000, -0.005916, 0.003082
68.900000, -0.005891, 0.002492
69.000000, -0.005847, 0.001904
69.100000, -0.005784, 0.001322
69.200000, -0.005703, 0.000747
69.300000, -0.005606, 0.000182
69.400000, -0.005491, -0.000374
69.500000, -0.005361, -0.000917
69.600000, -0.005216, -0.001446
69.700000, -0.005056, -0.001960
69.800000, -0.004883, -0.002457
69.900000, -0.004697, -0.002936
70.000000, -0.004499, -0.003397
70.100000, -0.004291, -0.003836
70.200000, -0.004072, -0.004255
70.300000, -0.003844, -0.004651
70.400000, -0.003608, -0.005024
70.500000, -0.003365, -0.005372
70.600000, -0.003115, -0.005697
70.700000, -0.002860, -0.005995
70.800000, -0.002601, -0.006269
70.900000, -0.002338, -0.006516
71.000000, -0.002073, -0.006736
71.100000, -0.001806, -0.006930
71.200000, -0.001539, -0.007098
71.300000, -0.001272, -0.007238
71.400000, -0.001006, -0.007352
71.500000, -0.000741, -0.007439
71.600000, -0.000480, -0.007500
71.700000, -0.000222, -0.007535
71.800000, 0.000031, -0.007545
71.900000, 0.000280, -0.007529
72.000000, 0.000522, -0.007489
72.100000, 0.000758, -0.007425
72.200000, 0.000987, -0.007337
72.300000, 0.001208, -0.007227
72.400000, 0.001420, -0.007096
72.500000, 0.001624, -0.006943
72.600000, 0.001818, -0.006771
72.700000, 0.002003, -0.006580
72.800000, 0.002177, -0.006370
72.900000, 0.002340, -0.006144
73.000000, 0.002493, -0.005902
73.100000, 0.002634, -0.005646
73.200000, 0.002764, -0.005376
73.300000, 0.002882, -0.005093
73.400000, 0.002988, -0.004799
73.500000, 0.003082, -0.004495
73.600000, 0.003165, -0.004183
73.700000, 0.003235, -0.003863
73.800000, 0.003293, -0.003536
73.900000, 0.003339, -0.003204
74.000000, 0.003373, -0.002868
74.100000, 0.003395, -0.002529
74.200000, 0.003406, -0.002189
74.300000, 0.003405, -0.001848
74.400000, 0.003393, -0.001508
74.500000, 0.003370, -0.001170
74.600000, 0.003336, -0.000834
74.700000, 0.003292, -0.000503
74.800000, 0.003238, -0.000176
74.900000, 0.003174, 0.000145
75.000000, 0.003101, 0.000459
75.100000, 0.003019, 0.000765
75.200000, 0.002929, 0.001063
75.300000, 0.002831, 0.001351
75.400000, 0.002726, 0.001629
75.500000, 0.002614, 0.001896
75.600000, 0.002495, 0.002152
75.700000, 0.002370, 0.002395
75.800000, 0.002241, 0.002626
75.900000, 0.002106, 0.002843
76.000000, 0.001967, 0.003047
76.100000, 0.001824, 0.003237
76.200000, 0.001678, 0.003412
76.300000, 0.001529, 0.003572
76.400000, 0.001379, 0.003718
76.500000, 0.001226, 0.003848
76.600000, 0.001073, 0.003963
76.700000, 0.000919, 0.004063
76.800000, 0.000765, 0.004147
76.900000, 0.000612, 0.004216
77.000000, 0.000460, 0.004269
77.100000, 0.000309, 0.004308
77.200000, 0.000160, 0.004331
77.300000, 0.000014, 0.004340
77.400000, -0.000130, 0.004334
77.500000, -0.000270, 0.004314
77.600000, -0.000406, 0.004280
77.700000, -0.000539, 0.004233
77.800000, -0.000667, 0.004172
77.900000, -0.000790, 0.004099
78.000000, -0.000909, 0.004014
78.100000, -0.001022, 0.003918
78.200000, -0.001129, 0.003810
78.300000, -0.001230, 0.003692
78.400000, -0.001326, 0.003564
78.500000, -0.001415, 0.003427
78.600000, -0.001498, 0.003281
78.700000, -0.001574, 0.003127
78.800000, -0.001643, 0.002966
78.900000, -0.001706, 0.002798
79.000000, -0.001762, 0.002625
79.100000, -0.001810, 0.002446
79.200000, -0.001852, 0.002263
79.300000, -0.001887, 0.002076
79.400000, -0.001915, 0.001885
79.500000, -0.001936, 0.001693
79.600000, -0.001951, 0.001498
79.700000, -0.001958, 0.001303
79.800000, -0.001959, 0.001107
79.900000, -0.001954, 0.000911
80.000000, -0.001942, 0.000716
80.100000, -0.001924, 0.000522
80.200000, -0.001900, 0.000331
80.300000, -0.001870, 0.000142
80.400000, -0.001834, -0.000043
80.500000, -0.001793, -0.000224
80.600000, -0.001748, -0.000402
80.700000, -0.001697, -0.000574
80.800000, -0.001641, -0.000741
80.900000, -0.001582, -0.000902
81.000000, -0.001518, -0.001057
81.100000, -0.001451, -0.001206
81.200000, -0.001380, -0.001347
81.300000, -0.001306, -0.001482
81.400000, -0.001229, -0.001608
81.500000, -0.001149, -0.001727
81.600000, -0.001067, -0.001838
81.700000, -0.000984, -0.001941
81.800000, -0.000899, -0.002035
81.900000, -0.000812, -0.002121
82.000000, -0.000725, -0.002198
82.100000, -0.000637, -0.002266
82.200000, -0.000548, -0.002325
82.300000, -0.000460, -0.002375
82.400000, -0.000372, -0.002417
82.500000, -0.000284, -0.002450
82.600000, -0.000197, -0.002474
82.700000, -0.000111, -0.002489
82.800000, -0.000027, -0.002496
82.900000, 0.000056, -0.002494
83.000000, 0.000137, -0.002485
83.100000, 0.000217, -0.002467
83.200000, 0.000293, -0.002441
83.300000, 0.000368, -0.002408
83.400000, 0.000439, -0.002368
83.500000, 0.000508, -0.002320
83.600000, 0.000574, -0.002266
83.700000, 0.000636, -0.002206
83.800000, 0.000695, -0.002139
83.900000, 0.000751, -0.002067
84.000000, 0.000803, -0.001989
84.100000, 0.000851, -0.001906
84.200000, 0.000896, -0.001819
84.300000, 0.000937, -0.001727
84.400000, 0.000974, -0.001631
84.500000, 0.001007, -0.001532
84.600000, 0.001035, -0.001430
84.700000, 0.001060, -0.001325
84.800000, 0.001081, -0.001218
84.900000, 0.001098, -0.001109
85.000000, 0.001111, -0.000998
85.100000, 0.001120, -0.000887
85.200000, 0.001126, -0.000774
85.300000, 0.001127, -0.000661
85.400000, 0.001125, -0.000549
85.500000, 0.001119, -0.000436
85.600000, 0.001109, -0.000325
85.700000, 0.001096, -0.000215
85.800000, 0.001080, -0.000106
85.900000, 0.001060, 0.000001
86.000000, 0.001037, 0.000106
86.100000, 0.001011, 0.000209
86.200000, 0.000983, 0.000308
86.300000, 0.000951, 0.000405
86.400000, 0.000918, 0.000499
86.500000, 0.000881, 0.000589
86.600000, 0.000843, 0.000675
86.700000, 0.000803, 0.000757
86.800000, 0.000761, 0.000836
86.900000, 0.000717, 0.000909
87.000000, 0.000671, 0.000979
87.100000, 0.000625, 0.001044
87.200000, 0.000577, 0.001104
87.300000, 0.000528, 0.001159
87.400000, 0.000478, 0.001209
87.500000, 0.000428, 0.001255
87.600000, 0.000378, 0.001295
87.700000, 0.000327, 0.001330
87.800000, 0.000276, 0.001360
87.900000, 0.000225, 0.001385
88.000000, 0.000174, 0.001405
88.100000, 0.000124, 0.001420
88.200000, 0.000075, 0.001430
88.300000, 0.000026, 0.001435
88.400000, -0.000022, 0.001435
88.500000, -0.000069, 0.001431
88.600000, -0.000115, 0.001422
88.700000, -0.000159, 0.001408
88.800000, -0.000202, 0.001390
88.900000, -0.000244, 0.001367
89.000000, -0.000284, 0.001341
89.100000, -0.000322, 0.001311
89.200000, -0.000358, 0.001277
89.300000, -0.000392, 0.001239
89.400000, -0.000425, 0.001198
89.500000, -0.000455, 0.001154
89.600000, -0.000484, 0.001107
89.700000, -0.000510, 0.001057
89.800000, -0.000534, 0.001005
89.900000, -0.000556, 0.000951
90.000000, -0.000575, 0.000894
90.100000, -0.000592, 0.000836
90.200000, -0.000607, 0.000776
90.300000, -0.000620, 0.000714
90.400000, -0.000630, 0.000652
90.500000, -0.000638, 0.000588
90.600000, -0.000644, 0.000524
90.700000, -0.000647, 0.000460
90.800000, -0.000648, 0.000395
90.900000, -0.000647, 0.000330
91.000000, -0.000644, 0.000265
91.100000, -0.000639, 0.000201
91.200000, -0.000632, 0.000137
91.300000, -0.000623, 0.000075
91.400000, -0.000612, 0.000013
91.500000, -0.000600, -0.000048
91.600000, -0.000585, -0.000107
91.700000, -0.000569, -0.000165
91.800000, -0.000551, -0.000221
91.900000, -0.000532, -0.000275
92.000000, -0.000512, -0.000327
92.100000, -0.000490, -0.000377
92.200000, -0.000467, -0.000425
92.300000, -0.000443, -0.000471
92.400000, -0.000418, -0.000514
92.500000, -0.000392, -0.000554
92.600000, -0.000365, -0.000592
92.700000, -0.000338, -0.000627
92.800000, -0.000310, -0.000660
92.900000, -0.000281, -0.000689
93.000000, -0.000253, -0.000716
93.100000, -0.000224, -0.000740
93.200000, -0.000194, -0.000761
93.300000, -0.000165, -0.000779
93.400000, -0.000136, -0.000794
93.500000, -0.000107, -0.000806
93.600000, -0.000078, -0.000815
93.700000, -0.000049, -0.000822
93.800000, -0.000021, -0.000825
93.900000, 0.000007, -0.000826
94.000000, 0.000034, -0.000824
94.100000, 0.000060, -0.000819
94.200000, 0.000086, -0.000812
94.300000, 0.000111, -0.000802
94.400000, 0.000135, -0.000790
94.500000, 0.000158, -0.000775
94.600000, 0.000180, -0.000758
94.700000, 0.000201, -0.000739
94.800000, 0.000221, -0.000718
94.900000, 0.000240, -0.000695
95.000000, 0.000258, -0.000670
95.100000, 0.000275, -0.000643
95.200000, 0.000290, -0.000615
95.300000, 0.000304, -0.000585
95.400000, 0.000317, -0.000554
95.500000, 0.000328, -0.000522
95.600000, 0.000339, -0.000488
95.700000, 0.000347, -0.000454
95.800000, 0.000355, -0.000419
95.900000, 0.000361, -0.000383
96.000000, 0.000366, -0.000347
96.100000, 0.000370, -0.000310
96.200000, 0.000372, -0.000273
96.300000, 0.000373, -0.000235
96.400000, 0.000373, -0.000198
96.500000, 0.000371, -0.000161
96.600000, 0.000368, -0.000124
96.700000, 0.000365, -0.000087
96.800000, 0.000360, -0.000051
96.900000, 0.000354, -0.000015
97.000000, 0.000347, 0.000020
97.100000, 0.000338, 0.000054
97.200000, 0.000329, 0.000088
97.300000, 0.000319, 0.000120
97.400000, 0.000309, 0.000151
97.500000, 0.000297, 0.000182
97.600000, 0.000285, 0.000211
97.700000, 0.000272, 0.000239
97.800000, 0.000258, 0.000265
97.900000, 0.000244, 0.000290
98.000000, 0.000229, 0.000314
98.100000, 0.000214, 0.000336
98.200000, 0.000198, 0.000357
98.300000, 0.000182, 0.000376
98.400000, 0.000166, 0.000393
98.500000, 0.000149, 0.000409
98.600000, 0.000132, 0.000423
98.700000, 0.000116, 0.000435
98.800000, 0.000099, 0.000446
98.900000, 0.000082, 0.000455
99.000000, 0.000065, 0.000462
99.100000, 0.000048, 0.000468
99.200000, 0.000032, 0.000472
99.300000, 0.000016, 0.000474
99.400000, -0.000000, 0.000475
99.500000, -0.000016, 0.000474
99.600000, -0.000031, 0.000472
99.700000, -0.000046, 0.000468
99.800000, -0.000061, 0.000463
99.900000, -0.000075, 0.000456
100.000000, -0.000088, 0.000448
