#t, x, y
0.000000, 2.000000, 2.000000
0.100000, 1.795750, 2.095184
0.200000, 1.583313, 2.179669
0.300000, 1.363138, 2.252320
0.400000, 1.135851, 2.311982
0.500000, 0.902279, 2.357511
0.600000, 0.663456, 2.387813
0.700000, 0.420631, 2.401891
0.800000, 0.175259, 2.398899
0.900000, -0.071019, 2.378193
1.000000, -0.316423, 2.339382
1.100000, -0.559076, 2.282363
1.200000, -0.797080, 2.207348
1.300000, -1.028579, 2.114868
1.400000, -1.251832, 2.005752
1.500000, -1.465277, 1.881094
1.600000, -1.667573, 1.742204
1.700000, -1.857637, 1.590542
1.800000, -2.034649, 1.427659
1.900000, -2.198052, 1.255138
2.000000, -2.347531, 1.074540
2.100000, -2.482989, 0.887364
2.200000, -2.604510, 0.695020
2.300000, -2.712328, 0.498804
2.400000, -2.806795, 0.299891
2.500000, -2.888348, 0.099332
2.600000, -2.957487, -0.101947
2.700000, -3.014750, -0.303134
2.800000, -3.060696, -0.503527
2.900000, -3.095893, -0.702523
3.000000, -3.120904, -0.899606
3.100000, -3.136282, -1.094341
3.200000, -3.142562, -1.286360
3.300000, -3.140259, -1.475358
3.400000, -3.129863, -1.661080
3.500000, -3.111843, -1.843320
3.600000, -3.086637, -2.021908
3.700000, -3.054663, -2.196708
3.800000, -3.016310, -2.367615
3.900000, -2.971945, -2.534545
4.000000, -2.921912, -2.697439
4.100000, -2.866530, -2.856252
4.200000, -2.806101, -3.010956
4.300000, -2.740903, -3.161535
4.400000, -2.671198, -3.307984
4.500000, -2.597229, -3.450307
4.600000, -2.519222, -3.588515
4.700000, -2.437389, -3.722627
4.800000, -2.351925, -3.852664
4.900000, -2.263014, -3.978653
5.000000, -2.170823, -4.100625
5.100000, -2.075510, -4.218614
5.200000, -1.977220, -4.332653
5.300000, -1.876088, -4.442780
5.400000, -1.772236, -4.549033
5.500000, -1.665780, -4.651451
5.600000, -1.556822, -4.750072
5.700000, -1.445457, -4.844936
5.800000, -1.331772, -4.936081
5.900000, -1.215844, -5.023547
6.000000, -1.097742, -5.107371
6.100000, -0.977526, -5.187590
6.200000, -0.855248, -5.264240
6.300000, -0.730953, -5.337355
6.400000, -0.604676, -5.406969
6.500000, -0.476445, -5.473111
6.600000, -0.346278, -5.535810
6.700000, -0.214185, -5.595094
6.800000, -0.080166, -5.650986
6.900000, 0.055787, -5.703505
7.000000, 0.193695, -5.752669
7.100000, 0.333589, -5.798490
7.200000, 0.475510, -5.840976
7.300000, 0.619516, -5.880129
7.400000, 0.765678, -5.915944
7.500000, 0.914082, -5.948409
7.600000, 1.064834, -5.977504
7.700000, 1.218061, -6.003194
7.800000, 1.373914, -6.025436
7.900000, 1.532572, -6.044168
8.000000, 1.694248, -6.059307
8.100000, 1.859192, -6.070748
8.200000, 2.027705, -6.078352
8.300000, 2.200146, -6.081940
8.400000, 2.376946, -6.081282
8.500000, 2.558630, -6.076072
8.600000, 2.745840, -6.065912
8.700000, 2.939380, -6.050262
8.800000, 3.140267, -6.028385
8.900000, 3.349821, -5.999241
9.000000, 3.569801, -5.961306
9.100000, 3.802636, -5.912235
9.200000, 4.051828, -5.848161
9.300000, 4.322724, -5.762041
9.400000, 4.623957, -5.638973
9.500000, 4.968893, -5.438582
9.600000, 5.333741, -5.000672
9.700000, 5.283757, -4.485268
9.800000, 5.163620, -4.065909
9.900000, 5.032112, -3.696231
10.000000, 4.897766, -3.353837
10.100000, 4.762193, -3.028035
10.200000, 4.625473, -2.713079
10.300000, 4.487250, -2.405532
10.400000, 4.347007, -2.103168
10.500000, 4.204149, -1.804464
10.600000, 4.058012, -1.508349
10.700000, 3.907870, -1.214068
10.800000, 3.752918, -0.921110
10.900000, 3.592270, -0.629187
11.000000, 3.424946, -0.338226
11.100000, 3.249890, -0.048395
11.200000, 3.065983, 0.239868
11.300000, 2.872105, 0.525801
11.400000, 2.667222, 0.808295
11.500000, 2.450518, 1.085878
11.600000, 2.221561, 1.356776
11.700000, 1.980459, 1.619052
11.800000, 1.727949, 1.870824
11.900000, 1.465380, 2.110527
12.000000, 1.194549, 2.337116
12.100000, 0.917465, 2.550169
12.200000, 0.636106, 2.749850
12.300000, 0.352234, 2.936781
12.400000, 0.067300, 3.111878
12.500000, -0.217568, 3.276202
12.600000, -0.501545, 3.430844
12.700000, -0.784052, 3.576854
12.800000, -1.064702, 3.715201
12.900000, -1.343257, 3.846754
13.000000, -1.619582, 3.972283
13.100000, -1.893619, 4.092459
13.200000, -2.165359, 4.207870
13.300000, -2.434833, 4.319022
13.400000, -2.702090, 4.426357
13.500000, -2.967197, 4.530259
13.600000, -3.230228, 4.631061
13.700000, -3.491264, 4.729055
13.800000, -3.750384, 4.824494
13.900000, -4.007669, 4.917605
14.000000, -4.263197, 5.008583
14.100000, -4.517044, 5.097604
14.200000, -4.769284, 5.184824
14.300000, -5.019987, 5.270379
14.400000, -5.269218, 5.354394
14.500000, -5.517041, 5.436979
14.600000, -5.763515, 5.518234
14.700000, -6.008697, 5.598248
14.800000, -6.252640, 5.677104
14.900000, -6.495394, 5.754874
15.000000, -6.737008, 5.831626
15.100000, -6.977525, 5.907421
15.200000, -7.216988, 5.982314
15.300000, -7.455437, 6.056357
15.400000, -7.692910, 6.129598
15.500000, -7.929444, 6.202078
15.600000, -8.165070, 6.273839
15.700000, -8.399823, 6.344917
15.800000, -8.633732, 6.415346
15.900000, -8.866825, 6.485158
16.000000, -9.099131, 6.554383
16.100000, -9.330676, 6.623048
16.200000, -9.561484, 6.691178
16.300000, -9.791578, 6.758797
16.400000, -10.020981, 6.825928
16.500000, -10.249715, 6.892591
16.600000, -10.477800, 6.958807
16.700000, -10.705254, 7.024592
16.800000, -10.932097, 7.089966
16.900000, -11.158347, 7.154943
17.000000, -11.384019, 7.219540
17.100000, -11.609131, 7.283770
17.200000, -11.833698, 7.347648
17.300000, -12.057734, 7.411186
17.400000, -12.281254, 7.474397
17.500000, -12.504272, 7.537291
17.600000, -12.726800, 7.599881
17.700000, -12.948851, 7.662176
17.800000, -13.170438, 7.724186
17.900000, -13.391571, 7.785922
18.000000, -13.612262, 7.847390
18.100000, -13.832522, 7.908601
18.200000, -14.052361, 7.969562
18.300000, -14.271788, 8.030282
18.400000, -14.490814, 8.090766
18.500000, -14.709448, 8.151023
18.600000, -14.927699, 8.211059
18.700000, -15.145574, 8.270881
18.800000, -15.363084, 8.330495
18.900000, -15.580234, 8.389906
19.000000, -15.797035, 8.449121
19.100000, -16.013491, 8.508145
19.200000, -16.229612, 8.566982
19.300000, -16.445404, 8.625638
19.400000, -16.660874, 8.684119
19.500000, -16.876028, 8.742427
19.600000, -17.090873, 8.800569
19.700000, -17.305415, 8.858547
19.800000, -17.519660, 8.916367
19.900000, -17.733614, 8.974032
20.000000, -17.947281, 9.031545
