#t, I, Q
0.000000, 0.000000, 10.000000
0.100000, -0.320000, 9.983333
0.200000, -0.614357, 9.935974
0.300000, -0.884102, 9.860436
0.400000, -1.130263, 9.759128
0.500000, -1.353867, 9.634358
0.600000, -1.555933, 9.488329
0.700000, -1.737471, 9.323146
0.800000, -1.899478, 9.140810
0.900000, -2.042938, 8.943225
1.000000, -2.168819, 8.732198
1.100000, -2.278069, 8.509438
1.200000, -2.371619, 8.276561
1.300000, -2.450376, 8.035091
1.400000, -2.515226, 7.786463
1.500000, -2.567031, 7.532024
1.600000, -2.606630, 7.273036
1.700000, -2.634833, 7.010677
1.800000, -2.652428, 6.746049
1.900000, -2.660175, 6.480172
2.000000, -2.658805, 6.213995
2.100000, -2.649025, 5.948393
2.200000, -2.631514, 5.684173
2.300000, -2.606921, 5.422074
2.400000, -2.575871, 5.162773
2.500000, -2.538960, 4.906884
2.600000, -2.496756, 4.654966
2.700000, -2.449803, 4.407519
2.800000, -2.398616, 4.164992
2.900000, -2.343684, 3.927784
3.000000, -2.285472, 3.696244
3.100000, -2.224419, 3.470678
3.200000, -2.160938, 3.251349
3.300000, -2.095419, 3.038480
3.400000, -2.028230, 2.832256
3.500000, -1.959714, 2.632825
3.600000, -1.890192, 2.440305
3.700000, -1.819965, 2.254779
3.800000, -1.749311, 2.076305
3.900000, -1.678490, 1.904910
4.000000, -1.607742, 1.740600
4.100000, -1.537287, 1.583356
4.200000, -1.467328, 1.433138
4.300000, -1.398053, 1.289885
4.400000, -1.329628, 1.153523
4.500000, -1.262210, 1.023956
4.600000, -1.195935, 0.901077
4.700000, -1.130928, 0.784766
4.800000, -1.067301, 0.674888
4.900000, -1.005149, 0.571303
5.000000, -0.944560, 0.473856
5.100000, -0.885607, 0.382389
5.200000, -0.828353, 0.296733
5.300000, -0.772850, 0.216717
5.400000, -0.719142, 0.142162
5.500000, -0.667263, 0.072887
5.600000, -0.617237, 0.008709
5.700000, -0.569083, -0.050561
5.800000, -0.522811, -0.105109
5.900000, -0.478425, -0.155123
6.000000, -0.435920, -0.200793
6.100000, -0.395290, -0.242307
6.200000, -0.356519, -0.279851
6.300000, -0.319589, -0.313611
6.400000, -0.284476, -0.343768
6.500000, -0.251154, -0.370505
6.600000, -0.219590, -0.393998
6.700000, -0.189752, -0.414422
6.800000, -0.161601, -0.431948
6.900000, -0.135099, -0.446742
7.000000, -0.110202, -0.458967
7.100000, -0.086868, -0.468781
7.200000, -0.065051, -0.476339
7.300000, -0.044704, -0.481790
7.400000, -0.025779, -0.485279
7.500000, -0.008227, -0.486944
7.600000, 0.008001, -0.486923
7.700000, 0.022955, -0.485343
7.800000, 0.036684, -0.482331
7.900000, 0.049240, -0.478005
8.000000, 0.060673, -0.472481
8.100000, 0.071032, -0.465869
8.200000, 0.080366, -0.458274
8.300000, 0.088724, -0.449795
8.400000, 0.096156, -0.440528
8.500000, 0.102708, -0.430562
8.600000, 0.108427, -0.419985
8.700000, 0.113358, -0.408876
8.800000, 0.117547, -0.397312
8.900000, 0.121038, -0.385365
9.000000, 0.123872, -0.373103
9.100000, 0.126092, -0.360590
9.200000, 0.127737, -0.347884
9.300000, 0.128846, -0.335041
9.400000, 0.129457, -0.322114
9.500000, 0.129607, -0.309149
9.600000, 0.129330, -0.296192
9.700000, 0.128660, -0.283282
9.800000, 0.127629, -0.270459
9.900000, 0.126269, -0.257756
10.000000, 0.124609, -0.245204
10.100000, 0.122678, -0.232833
10.200000, 0.120503, -0.220668
10.300000, 0.118109, -0.208732
10.400000, 0.115521, -0.197046
10.500000, 0.112762, -0.185627
10.600000, 0.109854, -0.174493
10.700000, 0.106817, -0.163656
10.800000, 0.103673, -0.153129
10.900000, 0.100438, -0.142921
11.000000, 0.097131, -0.133041
11.100000, 0.093766, -0.123494
11.200000, 0.090361, -0.114287
11.300000, 0.086928, -0.105422
11.400000, 0.083480, -0.096901
11.500000, 0.080031, -0.088726
11.600000, 0.076590, -0.080895
11.700000, 0.073169, -0.073407
11.800000, 0.069777, -0.066261
11.900000, 0.066422, -0.059452
12.000000, 0.063112, -0.052976
12.100000, 0.059855, -0.046829
12.200000, 0.056657, -0.041005
12.300000, 0.053524, -0.035497
12.400000, 0.050460, -0.030300
12.500000, 0.047470, -0.025405
12.600000, 0.044558, -0.020806
12.700000, 0.041728, -0.016494
12.800000, 0.038981, -0.012460
12.900000, 0.036321, -0.008697
13.000000, 0.033750, -0.005196
13.100000, 0.031268, -0.001947
13.200000, 0.028876, 0.001057
13.300000, 0.026577, 0.003828
13.400000, 0.024369, 0.006373
13.500000, 0.022253, 0.008702
13.600000, 0.020228, 0.010823
13.700000, 0.018295, 0.012747
13.800000, 0.016451, 0.014482
13.900000, 0.014697, 0.016038
14.000000, 0.013030, 0.017422
14.100000, 0.011451, 0.018644
14.200000, 0.009955, 0.019712
14.300000, 0.008544, 0.020635
14.400000, 0.007213, 0.021420
14.500000, 0.005961, 0.022077
14.600000, 0.004787, 0.022613
14.700000, 0.003688, 0.023035
14.800000, 0.002661, 0.023350
14.900000, 0.001705, 0.023567
15.000000, 0.000817, 0.023691
15.100000, -0.000005, 0.023730
15.200000, -0.000764, 0.023690
15.300000, -0.001462, 0.023577
15.400000, -0.002102, 0.023398
15.500000, -0.002686, 0.023157
15.600000, -0.003216, 0.022861
15.700000, -0.003695, 0.022514
15.800000, -0.004126, 0.022121
15.900000, -0.004510, 0.021689
16.000000, -0.004850, 0.021219
16.100000, -0.005148, 0.020719
16.200000, -0.005407, 0.020190
16.300000, -0.005629, 0.019637
16.400000, -0.005816, 0.019064
16.500000, -0.005970, 0.018474
16.600000, -0.006092, 0.017870
16.700000, -0.006186, 0.017255
16.800000, -0.006253, 0.016633
16.900000, -0.006294, 0.016005
17.000000, -0.006313, 0.015374
17.100000, -0.006309, 0.014742
17.200000, -0.006286, 0.014112
17.300000, -0.006244, 0.013485
17.400000, -0.006186, 0.012863
17.500000, -0.006112, 0.012248
17.600000, -0.006024, 0.011640
17.700000, -0.005924, 0.011043
17.800000, -0.005813, 0.010456
17.900000, -0.005691, 0.009880
18.000000, -0.005561, 0.009317
18.100000, -0.005423, 0.008768
18.200000, -0.005278, 0.008233
18.300000, -0.005127, 0.007712
18.400000, -0.004972, 0.007207
18.500000, -0.004812, 0.006718
18.600000, -0.004649, 0.006245
18.700000, -0.004484, 0.005788
18.800000, -0.004318, 0.005348
18.900000, -0.004150, 0.004925
19.000000, -0.003982, 0.004518
19.100000, -0.003814, 0.004128
19.200000, -0.003647, 0.003755
19.300000, -0.003481, 0.003399
19.400000, -0.003317, 0.003059
19.500000, -0.003154, 0.002735
19.600000, -0.002994, 0.002428
19.700000, -0.002837, 0.002137
19.800000, -0.002683, 0.001861
19.900000, -0.002532, 0.001600
20.000000, -0.002384, 0.001354
20.100000, -0.002241, 0.001123
20.200000, -0.002101, 0.000906
20.300000, -0.001965, 0.000703
20.400000, -0.001833, 0.000513
20.500000, -0.001706, 0.000336
20.600000, -0.001583, 0.000172
20.700000, -0.001464, 0.000020
20.800000, -0.001350, -0.000121
20.900000, -0.001240, -0.000250
21.000000, -0.001135, -0.000369
21.100000, -0.001034, -0.000477
21.200000, -0.000937, -0.000576
21.300000, -0.000845, -0.000665
21.400000, -0.000758, -0.000745
21.500000, -0.000675, -0.000816
21.600000, -0.000596, -0.000880
21.700000, -0.000521, -0.000935
21.800000, -0.000450, -0.000984
21.900000, -0.000383, -0.001025
22.000000, -0.000320, -0.001060
22.100000, -0.000261, -0.001089
22.200000, -0.000206, -0.001113
22.300000, -0.000154, -0.001130
22.400000, -0.000106, -0.001143
22.500000, -0.000061, -0.001152
22.600000, -0.000019, -0.001156
22.700000, 0.000019, -0.001155
22.800000, 0.000055, -0.001152
22.900000, 0.000087, -0.001145
23.000000, 0.000117, -0.001134
23.100000, 0.000144, -0.001121
23.200000, 0.000169, -0.001105
23.300000, 0.000191, -0.001087
23.400000, 0.000211, -0.001067
23.500000, 0.000228, -0.001045
23.600000, 0.000244, -0.001022
23.700000, 0.000257, -0.000996
23.800000, 0.000269, -0.000970
23.900000, 0.000279, -0.000943
24.000000, 0.000287, -0.000914
24.100000, 0.000294, -0.000885
24.200000, 0.000299, -0.000856
24.300000, 0.000303, -0.000825
24.400000, 0.000306, -0.000795
24.500000, 0.000307, -0.000764
24.600000, 0.000308, -0.000733
24.700000, 0.000307, -0.000703
24.800000, 0.000305, -0.000672
24.900000, 0.000303, -0.000642
25.000000, 0.000300, -0.000611
25.100000, 0.000296, -0.000582
25.200000, 0.000291, -0.000552
25.300000, 0.000286, -0.000523
25.400000, 0.000280, -0.000495
25.500000, 0.000274, -0.000467
25.600000, 0.000268, -0.000440
25.700000, 0.000261, -0.000414
25.800000, 0.000253, -0.000388
25.900000, 0.000246, -0.000363
26.000000, 0.000238, -0.000339
26.100000, 0.000230, -0.000316
26.200000, 0.000222, -0.000293
26.300000, 0.000214, -0.000271
26.400000, 0.000206, -0.000250
26.500000, 0.000198, -0.000230
26.600000, 0.000190, -0.000210
26.700000, 0.000182, -0.000192
26.800000, 0.000174, -0.000174
26.900000, 0.000166, -0.000157
27.000000, 0.000158, -0.000141
27.100000, 0.000150, -0.000126
27.200000, 0.000142, -0.000111
27.300000, 0.000134, -0.000097
27.400000, 0.000127, -0.000084
27.500000, 0.000120, -0.000072
27.600000, 0.000113, -0.000060
27.700000, 0.000106, -0.000049
27.800000, 0.000099, -0.000039
27.900000, 0.000092, -0.000030
28.000000, 0.000086, -0.000021
28.100000, 0.000080, -0.000012
28.200000, 0.000074, -0.000005
28.300000, 0.000068, 0.000003
28.400000, 0.000063, 0.000009
28.500000, 0.000058, 0.000015
28.600000, 0.000053, 0.000021
28.700000, 0.000048, 0.000026
28.800000, 0.000043, 0.000030
28.900000, 0.000039, 0.000034
29.000000, 0.000035, 0.000038
29.100000, 0.000031, 0.000041
29.200000, 0.000027, 0.000044
29.300000, 0.000024, 0.000047
29.400000, 0.000020, 0.000049
29.500000, 0.000017, 0.000051
29.600000, 0.000014, 0.000052
29.700000, 0.000011, 0.000054
29.800000, 0.000009, 0.000055
29.900000, 0.000006, 0.000055
30.000000, 0.000004, 0.000056
30.100000, 0.000002, 0.000056
30.200000, -0.000000, 0.000056
30.300000, -0.000002, 0.000056
30.400000, -0.000003, 0.000056
30.500000, -0.000005, 0.000056
30.600000, -0.000006, 0.000055
30.700000, -0.000008, 0.000054
30.800000, -0.000009, 0.000053
30.900000, -0.000010, 0.000052
31.000000, -0.000011, 0.000051
31.100000, -0.000012, 0.000050
31.200000, -0.000012, 0.000049
31.300000, -0.000013, 0.000048
31.400000, -0.000013, 0.000047
31.500000, -0.000014, 0.000045
31.600000, -0.000014, 0.000044
31.700000, -0.000014, 0.000042
31.800000, -0.000015, 0.000041
31.900000, -0.000015, 0.000039
32.000000, -0.000015, 0.000038
32.100000, -0.000015, 0.000036
32.200000, -0.000015, 0.000035
32.300000, -0.000015, 0.000033
32.400000, -0.000015, 0.000032
32.500000, -0.000015, 0.000031
32.600000, -0.000015, 0.000029
32.700000, -0.000014, 0.000028
32.800000, -0.000014, 0.000026
32.900000, -0.000014, 0.000025
33.000000, -0.000014, 0.000023
33.100000, -0.000013, 0.000022
33.200000, -0.000013, 0.000021
33.300000, -0.000013, 0.000020
33.400000, -0.000012, 0.000018
33.500000, -0.000012, 0.000017
33.600000, -0.000011, 0.000016
33.700000, -0.000011, 0.000015
33.800000, -0.000011, 0.000014
33.900000, -0.000010, 0.000013
34.000000, -0.000010, 0.000012
34.100000, -0.000009, 0.000011
34.200000, -0.000009, 0.000010
34.300000, -0.000009, 0.000009
34.400000, -0.000008, 0.000008
34.500000, -0.000008, 0.000007
34.600000, -0.000007, 0.000006
34.700000, -0.000007, 0.000006
34.800000, -0.000007, 0.000005
34.900000, -0.000006, 0.000004
35.000000, -0.000006, 0.000004
35.100000, -0.000006, 0.000003
35.200000, -0.000005, 0.000003
35.300000, -0.000005, 0.000002
35.400000, -0.000005, 0.000002
35.500000, -0.000004, 0.000001
35.600000, -0.000004, 0.000001
35.700000, -0.000004, 0.000000
35.800000, -0.000003, 0.000000
35.900000, -0.000003, -0.000000
36.000000, -0.000003, -0.000001
36.100000, -0.000003, -0.000001
36.200000, -0.000002, -0.000001
36.300000, -0.000002, -0.000001
36.400000, -0.000002, -0.000002
36.500000, -0.000002, -0.000002
36.600000, -0.000002, -0.000002
36.700000, -0.000001, -0.000002
36.800000, -0.000001, -0.000002
36.900000, -0.000001, -0.000002
37.000000, -0.000001, -0.000002
37.100000, -0.000001, -0.000003
37.200000, -0.000001, -0.000003
37.300000, -0.000000, -0.000003
37.400000, -0.000000, -0.000003
37.500000, -0.000000, -0.000003
37.600000, -0.000000, -0.000003
37.700000, -0.000000, -0.000003
37.800000, 0.000000, -0.000003
37.900000, 0.000000, -0.000003
38.000000, 0.000000, -0.000003
38.100000, 0.000000, -0.000003
38.200000, 0.000000, -0.000003
38.300000, 0.000000, -0.000003
38.400000, 0.000000, -0.000003
38.500000, 0.000001, -0.000003
38.600000, 0.000001, -0.000002
38.700000, 0.000001, -0.000002
38.800000, 0.000001, -0.000002
38.900000, 0.000001, -0.000002
39.000000, 0.000001, -0.000002
39.100000, 0.000001, -0.000002
39.200000, 0.000001, -0.000002
39.300000, 0.000001, -0.000002
39.400000, 0.000001, -0.000002
39.500000, 0.000001, -0.000002
39.600000, 0.000001, -0.000002
39.700000, 0.000001, -0.000002
39.800000, 0.000001, -0.000002
39.900000, 0.000001, -0.000002
40.000000, 0.000001, -0.000002
40.100000, 0.000001, -0.000001
40.200000, 0.000001, -0.000001
40.300000, 0.000001, -0.000001
40.400000, 0.000001, -0.000001
40.500000, 0.000001, -0.000001
40.600000, 0.000001, -0.000001
40.700000, 0.000001, -0.000001
40.800000, 0.000001, -0.000001
40.900000, 0.000001, -0.000001
41.000000, 0.000001, -0.000001
41.100000, 0.000001, -0.000001
41.200000, 0.000001, -0.000001
41.300000, 0.000001, -0.000001
41.400000, 0.000001, -0.000001
41.500000, 0.000000, -0.000001
41.600000, 0.000000, -0.000001
41.700000, 0.000000, -0.000000
41.800000, 0.000000, -0.000000
41.900000, 0.000000, -0.000000
42.000000, 0.000000, -0.000000
42.100000, 0.000000, -0.000000
42.200000, 0.000000, -0.000000
42.300000, 0.000000, -0.000000
42.400000, 0.000000, -0.000000
42.500000, 0.000000, -0.000000
42.600000, 0.000000, -0.000000
42.700000, 0.000000, -0.000000
42.800000, 0.000000, -0.000000
42.900000, 0.000000, -0.000000
43.000000, 0.000000, -0.000000
43.100000, 0.000000, -0.000000
43.200000, 0.000000, -0.000000
43.300000, 0.000000, -0.000000
43.400000, 0.000000, 0.000000
43.500000, 0.000000, 0.000000
43.600000, 0.000000, 0.000000
43.700000, 0.000000, 0.000000
43.800000, 0.000000, 0.000000
43.900000, 0.000000, 0.000000
44.000000, 0.000000, 0.000000
44.100000, 0.000000, 0.000000
44.200000, 0.000000, 0.000000
44.300000, 0.000000, 0.000000
44.400000, 0.000000, 0.000000
44.500000, 0.000000, 0.000000
44.600000, 0.000000, 0.000000
44.700000, 0.000000, 0.000000
44.800000, 0.000000, 0.000000
44.900000, 0.000000, 0.000000
45.000000, 0.000000, 0.000000
45.100000, 0.000000, 0.000000
45.200000, 0.000000, 0.000000
45.300000, -0.000000, 0.000000
45.400000, -0.000000, 0.000000
45.500000, -0.000000, 0.000000
45.600000, -0.000000, 0.000000
45.700000, -0.000000, 0.000000
45.800000, -0.000000, 0.000000
45.900000, -0.000000, 0.000000
46.000000, -0.000000, 0.000000
46.100000, -0.000000, 0.000000
46.200000, -0.000000, 0.000000
46.300000, -0.000000, 0.000000
46.400000, -0.000000, 0.000000
46.500000, -0.000000, 0.000000
46.600000, -0.000000, 0.000000
46.700000, -0.000000, 0.000000
46.800000, -0.000000, 0.000000
46.900000, -0.000000, 0.000000
47.000000, -0.000000, 0.000000
47.100000, -0.000000, 0.000000
47.200000, -0.000000, 0.000000
47.300000, -0.000000, 0.000000
47.400000, -0.000000, 0.000000
47.500000, -0.000000, 0.000000
47.600000, -0.000000, 0.000000
47.700000, -0.000000, 0.000000
47.800000, -0.000000, 0.000000
47.900000, -0.000000, 0.000000
48.000000, -0.000000, 0.000000
48.100000, -0.000000, 0.000000
48.200000, -0.000000, 0.000000
48.300000, -0.000000, 0.000000
48.400000, -0.000000, 0.000000
48.500000, -0.000000, 0.000000
48.600000, -0.000000, 0.000000
48.700000, -0.000000, 0.000000
48.800000, -0.000000, 0.000000
48.900000, -0.000000, 0.000000
49.000000, -0.000000, 0.000000
49.100000, -0.000000, 0.000000
49.200000, -0.000000, 0.000000
49.300000, -0.000000, 0.000000
49.400000, -0.000000, 0.000000
49.500000, -0.000000, 0.000000
49.600000, -0.000000, 0.000000
49.700000, -0.000000, 0.000000
49.800000, -0.000000, 0.000000
49.900000, -0.000000, 0.000000
50.000000, -0.000000, 0.000000
50.100000, -0.000000, 0.000000
50.200000, -0.000000, 0.000000
50.300000, -0.000000, 0.000000
50.400000, -0.000000, 0.000000
50.500000, -0.000000, 0.000000
50.600000, -0.000000, 0.000000
50.700000, -0.000000, 0.000000
50.800000, -0.000000, 0.000000
50.900000, -0.000000, 0.000000
51.000000, -0.000000, -0.000000
51.100000, -0.000000, -0.000000
51.200000, -0.000000, -0.000000
51.300000, -0.000000, -0.000000
51.400000, -0.000000, -0.000000
51.500000, -0.000000, -0.000000
51.600000, -0.000000, -0.000000
51.700000, -0.000000, -0.000000
51.800000, -0.000000, -0.000000
51.900000, -0.000000, -0.000000
52.000000, -0.000000, -0.000000
52.100000, -0.000000, -0.000000
52.200000, -0.000000, -0.000000
52.300000, -0.000000, -0.000000
52.400000, -0.000000, -0.000000
52.500000, -0.000000, -0.000000
52.600000, -0.000000, -0.000000
52.700000, -0.000000, -0.000000
52.800000, -0.000000, -0.000000
52.900000, 0.000000, -0.000000
53.000000, 0.000000, -0.000000
53.100000, 0.000000, -0.000000
53.200000, 0.000000, -0.000000
53.300000, 0.000000, -0.000000
53.400000, 0.000000, -0.000000
53.500000, 0.000000, -0.000000
53.600000, 0.000000, -0.000000
53.700000, 0.000000, -0.000000
53.800000, 0.000000, -0.000000
53.900000, 0.000000, -0.000000
54.000000, 0.000000, -0.000000
54.100000, 0.000000, -0.000000
54.200000, 0.000000, -0.000000
54.300000, 0.000000, -0.000000
54.400000, 0.000000, -0.000000
54.500000, 0.000000, -0.000000
54.600000, 0.000000, -0.000000
54.700000, 0.000000, -0.000000
54.800000, 0.000000, -0.000000
54.900000, 0.000000, -0.000000
55.000000, 0.000000, -0.000000
55.100000, 0.000000, -0.000000
55.200000, 0.000000, -0.000000
55.300000, 0.000000, -0.000000
55.400000, 0.000000, -0.000000
55.500000, 0.000000, -0.000000
55.600000, 0.000000, -0.000000
55.700000, 0.000000, -0.000000
55.800000, 0.000000, -0.000000
55.900000, 0.000000, -0.000000
56.000000, 0.000000, -0.000000
56.100000, 0.000000, -0.000000
56.200000, 0.000000, -0.000000
56.300000, 0.000000, -0.000000
56.400000, 0.000000, -0.000000
56.500000, 0.000000, -0.000000
56.600000, 0.000000, -0.000000
56.700000, 0.000000, -0.000000
56.800000, 0.000000, -0.000000
56.900000, 0.000000, -0.000000
57.000000, 0.000000, -0.000000
57.100000, 0.000000, -0.000000
57.200000, 0.000000, -0.000000
57.300000, 0.000000, -0.000000
57.400000, 0.000000, -0.000000
57.500000, 0.000000, -0.000000
57.600000, 0.000000, -0.000000
57.700000, 0.000000, -0.000000
57.800000, 0.000000, -0.000000
57.900000, 0.000000, -0.000000
58.000000, 0.000000, -0.000000
58.100000, 0.000000, -0.000000
58.200000, 0.000000, -0.000000
58.300000, 0.000000, -0.000000
58.400000, 0.000000, -0.000000
58.500000, 0.000000, 0.000000
58.600000, 0.000000, 0.000000
58.700000, 0.000000, 0.000000
58.800000, 0.000000, 0.000000
58.900000, 0.000000, 0.000000
59.000000, 0.000000, 0.000000
59.100000, 0.000000, 0.000000
59.200000, 0.000000, 0.000000
59.300000, 0.000000, 0.000000
59.400000, 0.000000, 0.000000
59.500000, 0.000000, 0.000000
59.600000, 0.000000, 0.000000
59.700000, 0.000000, 0.000000
59.800000, 0.000000, 0.000000
59.900000, 0.000000, 0.000000
60.000000, 0.000000, 0.000000
60.100000, 0.000000, 0.000000
60.200000, 0.000000, 0.000000
60.300000, 0.000000, 0.000000
60.400000, -0.000000, 0.000000
60.500000, -0.000000, 0.000000
60.600000, -0.000000, 0.000000
60.700000, -0.000000, 0.000000
60.800000, -0.000000, 0.000000
60.900000, -0.000000, 0.000000
61.000000, -0.000000, 0.000000
61.100000, -0.000000, 0.000000
61.200000, -0.000000, 0.000000
61.300000, -0.000000, 0.000000
61.400000, -0.000000, 0.000000
61.500000, -0.000000, 0.000000
61.600000, -0.000000, 0.000000
61.700000, -0.000000, 0.000000
61.800000, -0.000000, 0.000000
61.900000, -0.000000, 0.000000
62.000000, -0.000000, 0.000000
62.100000, -0.000000, 0.000000
62.200000, -0.000000, 0.000000
62.300000, -0.000000, 0.000000
62.400000, -0.000000, 0.000000
62.500000, -0.000000, 0.000000
62.600000, -0.000000, 0.000000
62.700000, -0.000000, 0.000000
62.800000, -0.000000, 0.000000
62.900000, -0.000000, 0.000000
63.000000, -0.000000, 0.000000
63.100000, -0.000000, 0.000000
63.200000, -0.000000, 0.000000
63.300000, -0.000000, 0.000000
63.400000, -0.000000, 0.000000
63.500000, -0.000000, 0.000000
63.600000, -0.000000, 0.000000
63.700000, -0.000000, 0.000000
63.800000, -0.000000, 0.000000
63.900000, -0.000000, 0.000000
64.000000, -0.000000, 0.000000
64.100000, -0.000000, 0.000000
64.200000, -0.000000, 0.000000
64.300000, -0.000000, 0.000000
64.400000, -0.000000, 0.000000
64.500000, -0.000000, 0.000000
64.600000, -0.000000, 0.000000
64.700000, -0.000000, 0.000000
64.800000, -0.000000, 0.000000
64.900000, -0.000000, 0.000000
65.000000, -0.000000, 0.000000
65.100000, -0.000000, 0.000000
65.200000, -0.000000, 0.000000
65.300000, -0.000000, 0.000000
65.400000, -0.000000, 0.000000
65.500000, -0.000000, 0.000000
65.600000, -0.000000, 0.000000
65.700000, -0.000000, 0.000000
65.800000, -0.000000, 0.000000
65.900000, -0.000000, 0.000000
66.000000, -0.000000, 0.000000
66.100000, -0.000000, -0.000000
66.200000, -0.000000, -0.000000
66.300000, -0.000000, -0.000000
66.400000, -0.000000, -0.000000
66.500000, -0.000000, -0.000000
66.600000, -0.000000, -0.000000
66.700000, -0.000000, -0.000000
66.800000, -0.000000, -0.000000
66.900000, -0.000000, -0.000000
67.000000, -0.000000, -0.000000
67.100000, -0.000000, -0.000000
67.200000, -0.000000, -0.000000
67.300000, -0.000000, -0.000000
67.400000, -0.000000, -0.000000
67.500000, -0.000000, -0.000000
67.600000, -0.000000, -0.000000
67.700000, -0.000000, -0.000000
67.800000, -0.000000, -0.000000
67.900000, -0.000000, -0.000000
68.000000, 0.000000, -0.000000
68.100000, 0.000000, -0.000000
68.200000, 0.000000, -0.000000
68.300000, 0.000000, -0.000000
68.400000, 0.000000, -0.000000
68.500000, 0.000000, -0.000000
68.600000, 0.000000, -0.000000
68.700000, 0.000000, -0.000000
68.800000, 0.000000, -0.000000
68.900000, 0.000000, -0.000000
69.000000, 0.000000, -0.000000
69.100000, 0.000000, -0.000000
69.200000, 0.000000, -0.000000
69.300000, 0.000000, -0.000000
69.400000, 0.000000, -0.000000
69.500000, 0.000000, -0.000000
69.600000, 0.000000, -0.000000
69.700000, 0.000000, -0.000000
69.800000, 0.000000, -0.000000
69.900000, 0.000000, -0.000000
70.000000, 0.000000, -0.000000
70.100000, 0.000000, -0.000000
70.200000, 0.000000, -0.000000
70.300000, 0.000000, -0.000000
70.400000, 0.000000, -0.000000
70.500000, 0.000000, -0.000000
70.600000, 0.000000, -0.000000
70.700000, 0.000000, -0.000000
70.800000, 0.000000, -0.000000
70.900000, 0.000000, -0.000000
71.000000, 0.000000, -0.000000
71.100000, 0.000000, -0.000000
71.200000, 0.000000, -0.000000
71.300000, 0.000000, -0.000000
71.400000, 0.000000, -0.000000
71.500000, 0.000000, -0.000000
71.600000, 0.000000, -0.000000
71.700000, 0.000000, -0.000000
71.800000, 0.000000, -0.000000
71.900000, 0.000000, -0.000000
72.000000, 0.000000, -0.000000
72.100000, 0.000000, -0.000000
72.200000, 0.000000, -0.000000
72.300000, 0.000000, -0.000000
72.400000, 0.000000, -0.000000
72.500000, 0.000000, -0.000000
72.600000, 0.000000, -0.000000
72.700000, 0.000000, -0.000000
72.800000, 0.000000, -0.000000
72.900000, 0.000000, -0.000000
73.000000, 0.000000, -0.000000
73.100000, 0.000000, -0.000000
73.200000, 0.000000, -0.000000
73.300000, 0.000000, -0.000000
73.400000, 0.000000, -0.000000
73.500000, 0.000000, -0.000000
73.600000, 0.000000, 0.000000
73.700000, 0.000000, 0.000000
73.800000, 0.000000, 0.000000
73.900000, 0.000000, 0.000000
74.000000, 0.000000, 0.000000
74.100000, 0.000000, 0.000000
74.200000, 0.000000, 0.000000
74.300000, 0.000000, 0.000000
74.400000, 0.000000, 0.000000
74.500000, 0.000000, 0.000000
74.600000, 0.000000, 0.000000
74.700000, 0.000000, 0.000000
74.800000, 0.000000, 0.000000
74.900000, 0.000000, 0.000000
75.000000, 0.000000, 0.000000
75.100000, 0.000000, 0.000000
75.200000, 0.000000, 0.000000
75.300000, 0.000000, 0.000000
75.400000, 0.000000, 0.000000
75.500000, -0.000000, 0.000000
75.600000, -0.000000, 0.000000
75.700000, -0.000000, 0.000000
75.800000, -0.000000, 0.000000
75.900000, -0.000000, 0.000000
76.000000, -0.000000, 0.000000
76.100000, -0.000000, 0.000000
76.200000, -0.000000, 0.000000
76.300000, -0.000000, 0.000000
76.400000, -0.000000, 0.000000
76.500000, -0.000000, 0.000000
76.600000, -0.000000, 0.000000
76.700000, -0.000000, 0.000000
76.800000, -0.000000, 0.000000
76.900000, -0.000000, 0.000000
77.000000, -0.000000, 0.000000
77.100000, -0.000000, 0.000000
77.200000, -0.000000, 0.000000
77.300000, -0.000000, 0.000000
77.400000, -0.000000, 0.000000
77.500000, -0.000000, 0.000000
77.600000, -0.000000, 0.000000
77.700000, -0.000000, 0.000000
77.800000, -0.000000, 0.000000
77.900000, -0.000000, 0.000000
78.000000, -0.000000, 0.000000
78.100000, -0.000000, 0.000000
78.200000, -0.000000, 0.000000
78.300000, -0.000000, 0.000000
78.400000, -0.000000, 0.000000
78.500000, -0.000000, 0.000000
78.600000, -0.000000, 0.000000
78.700000, -0.000000, 0.000000
78.800000, -0.000000, 0.000000
78.900000, -0.000000, 0.000000
79.000000, -0.000000, 0.000000
79.100000, -0.000000, 0.000000
79.200000, -0.000000, 0.000000
79.300000, -0.000000, 0.000000
79.400000, -0.000000, 0.000000
79.500000, -0.000000, 0.000000
79.600000, -0.000000, 0.000000
79.700000, -0.000000, 0.000000
79.800000, -0.000000, 0.000000
79.900000, -0.000000, 0.000000
80.000000, -0.000000, 0.000000
80.100000, -0.000000, 0.000000
80.200000, -0.000000, 0.000000
80.300000, -0.000000, 0.000000
80.400000, -0.000000, 0.000000
80.500000, -0.000000, 0.000000
80.600000, -0.000000, 0.000000
80.700000, -0.000000, 0.000000
80.800000, -0.000000, 0.000000
80.900000, -0.000000, 0.000000
81.000000, -0.000000, 0.000000
81.100000, -0.000000, 0.000000
81.200000, -0.000000, -0.000000
81.300000, -0.000000, -0.000000
81.400000, -0.000000, -0.000000
81.500000, -0.000000, -0.000000
81.600000, -0.000000, -0.000000
81.700000, -0.000000, -0.000000
81.800000, -0.000000, -0.000000
81.900000, -0.000000, -0.000000
82.000000, -0.000000, -0.000000
82.100000, -0.000000, -0.000000
82.200000, -0.000000, -0.000000
82.300000, -0.000000, -0.000000
82.400000, -0.000000, -0.000000
82.500000, -0.000000, -0.000000
82.600000, -0.000000, -0.000000
82.700000, -0.000000, -0.000000
82.800000, -0.000000, -0.000000
82.900000, -0.000000, -0.000000
83.000000, -0.000000, -0.000000
83.100000, 0.000000, -0.000000
83.200000, 0.000000, -0.000000
83.300000, 0.000000, -0.000000
83.400000, 0.000000, -0.000000
83.500000, 0.000000, -0.000000
83.600000, 0.000000, -0.000000
83.700000, 0.000000, -0.000000
83.800000, 0.000000, -0.000000
83.900000, 0.000000, -0.000000
84.000000, 0.000000, -0.000000
84.100000, 0.000000, -0.000000
84.200000, 0.000000, -0.000000
84.300000, 0.000000, -0.000000
84.400000, 0.000000, -0.000000
84.500000, 0.000000, -0.000000
84.600000, 0.000000, -0.000000
84.700000, 0.000000, -0.000000
84.800000, 0.000000, -0.000000
84.900000, 0.000000, -0.000000
85.000000, 0.000000, -0.000000
85.100000, 0.000000, -0.000000
85.200000, 0.000000, -0.000000
85.300000, 0.000000, -0.000000
85.400000, 0.000000, -0.000000
85.500000, 0.000000, -0.000000
85.600000, 0.000000, -0.000000
85.700000, 0.000000, -0.000000
85.800000, 0.000000, -0.000000
85.900000, 0.000000, -0.000000
86.000000, 0.000000, -0.000000
86.100000, 0.000000, -0.000000
86.200000, 0.000000, -0.000000
86.300000, 0.000000, -0.000000
86.400000, 0.000000, -0.000000
86.500000, 0.000000, -0.000000
86.600000, 0.000000, -0.000000
86.700000, 0.000000, -0.000000
86.800000, 0.000000, -0.000000
86.900000, 0.000000, -0.000000
87.000000, 0.000000, -0.000000
87.100000, 0.000000, -0.000000
87.200000, 0.000000, -0.000000
87.300000, 0.000000, -0.000000
87.400000, 0.000000, -0.000000
87.500000, 0.000000, -0.000000
87.600000, 0.000000, -0.000000
87.700000, 0.000000, -0.000000
87.800000, 0.000000, -0.000000
87.900000, 0.000000, -0.000000
88.000000, 0.000000, -0.000000
88.100000, 0.000000, -0.000000
88.200000, 0.000000, -0.000000
88.300000, 0.000000, -0.000000
88.400000, 0.000000, -0.000000
88.500000, 0.000000, -0.000000
88.600000, 0.000000, -0.000000
88.700000, 0.000000, 0.000000
88.800000, 0.000000, 0.000000
88.900000, 0.000000, 0.000000
89.000000, 0.000000, 0.000000
89.100000, 0.000000, 0.000000
89.200000, 0.000000, 0.000000
89.300000, 0.000000, 0.000000
89.400000, 0.000000, 0.000000
89.500000, 0.000000, 0.000000
89.600000, 0.000000, 0.000000
89.700000, 0.000000, 0.000000
89.800000, 0.000000, 0.000000
89.900000, 0.000000, 0.000000
90.000000, 0.000000, 0.000000
90.100000, 0.000000, 0.000000
90.200000, 0.000000, 0.000000
90.300000, 0.000000, 0.000000
90.400000, 0.000000, 0.000000
90.500000, 0.000000, 0.000000
90.600000, -0.000000, 0.000000
90.700000, -0.000000, 0.000000
90.800000, -0.000000, 0.000000
90.900000, -0.000000, 0.000000
91.000000, -0.000000, 0.000000
91.100000, -0.000000, 0.000000
91.200000, -0.000000, 0.000000
91.300000, -0.000000, 0.000000
91.400000, -0.000000, 0.000000
91.500000, -0.000000, 0.000000
91.600000, -0.000000, 0.000000
91.700000, -0.000000, 0.000000
91.800000, -0.000000, 0.000000
91.900000, -0.000000, 0.000000
92.000000, -0.000000, 0.000000
92.100000, -0.000000, 0.000000
92.200000, -0.000000, 0.000000
92.300000, -0.000000, 0.000000
92.400000, -0.000000, 0.000000
92.500000, -0.000000, 0.000000
92.600000, -0.000000, 0.000000
92.700000, -0.000000, 0.000000
92.800000, -0.000000, 0.000000
92.900000, -0.000000, 0.000000
93.000000, -0.000000, 0.000000
93.100000, -0.000000, 0.000000
93.200000, -0.000000, 0.000000
93.300000, -0.000000, 0.000000
93.400000, -0.000000, 0.000000
93.500000, -0.000000, 0.000000
93.600000, -0.000000, 0.000000
93.700000, -0.000000, 0.000000
93.800000, -0.000000, 0.000000
93.900000, -0.000000, 0.000000
94.000000, -0.000000, 0.000000
94.100000, -0.000000, 0.000000
94.200000, -0.000000, 0.000000
94.300000, -0.000000, 0.000000
94.400000, -0.000000, 0.000000
94.500000, -0.000000, 0.000000
94.600000, -0.000000, 0.000000
94.700000, -0.000000, 0.000000
94.800000, -0.000000, 0.000000
94.900000, -0.000000, 0.000000
95.000000, -0.000000, 0.000000
95.100000, -0.000000, 0.000000
95.200000, -0.000000, 0.000000
95.300000, -0.000000, 0.000000
95.400000, -0.000000, 0.000000
95.500000, -0.000000, 0.000000
95.600000, -0.000000, 0.000000
95.700000, -0.000000, 0.000000
95.800000, -0.000000, 0.000000
95.900000, -0.000000, 0.000000
96.000000, -0.000000, 0.000000
96.100000, -0.000000, 0.000000
96.200000, -0.000000, 0.000000
96.300000, -0.000000, -0.000000
96.400000, -0.000000, -0.000000
96.500000, -0.000000, -0.000000
96.600000, -0.000000, -0.000000
96.700000, -0.000000, -0.000000
96.800000, -0.000000, -0.000000
96.900000, -0.000000, -0.000000
97.000000, -0.000000, -0.000000
97.100000, -0.000000, -0.000000
97.200000, -0.000000, -0.000000
97.300000, -0.000000, -0.000000
97.400000, -0.000000, -0.000000
97.500000, -0.000000, -0.000000
97.600000, -0.000000, -0.000000
97.700000, -0.000000, -0.000000
97.800000, -0.000000, -0.000000
97.900000, -0.000000, -0.000000
98.000000, -0.000000, -0.000000
98.100000, -0.000000, -0.000000
98.200000, 0.000000, -0.000000
98.300000, 0.000000, -0.000000
98.400000, 0.000000, -0.000000
98.500000, 0.000000, -0.000000
98.600000, 0.000000, -0.000000
98.700000, 0.000000, -0.000000
98.800000, 0.000000, -0.000000
98.900000, 0.000000, -0.000000
99.000000, 0.000000, -0.000000
99.100000, 0.000000, -0.000000
99.200000, 0.000000, -0.000000
99.300000, 0.000000, -0.000000
99.400000, 0.000000, -0.000000
99.500000, 0.000000, -0.000000
99.600000, 0.000000, -0.000000
99.700000, 0.000000, -0.000000
99.800000, 0.000000, -0.000000
99.900000, 0.000000, -0.000000
100.000000, 0.000000, -0.000000
